-0.03746 0.00866 -0.000958 0.007387 -0.006838 -0.009633 -0.006496 3.3e-05 0.008599 -0.008426 0.002207 0.004104 -0.005225 0.002201 -0.00177 0.004665 0.005559 -0.002053 -0.010285 -0.006867 0.000618 0.002189 0.01766 -0.011313 0.003439 -0.001069 -0.006324 -0.009767 -0.003284 -0.003488 0.010205 0.014953 -0.006231 -0.011309 -0.007282 0.003856 0.003475 0.00421 -0.020725 -0.01214 0.016956 0.002501 -0.003444 -0.016428 -0.005815 0.020306 0.009709 -0.011881 0.011686 -0.001417
-0.012212 -0.03206 -0.005206 -0.010793 0.02514 0.004065 0.001332 -0.015686 0.002274 0.019116 -0.015206 -0.000327 0.002508 -0.012167 -0.006225 -0.014521 0.016366 -0.003015 0.003655 -0.012131 -0.003223 -0.002889 -0.005375 -0.004276 -0.002759 0.015589 0.022226 0.01551 0.008299 0.018533 0.011201 0.003461 0.00352 0.014907 0.003773 0.006932 0.002455 0.0101 -0.002284 -0.000802 0.011241 0.007241 0.00802 0.011205 0.010051 -0.016861 0.005325 -0.013335 -0.014245 -1.8e-05
0.02151 -0.024519 -0.002363 -0.020845 -0.008253 -0.001982 -0.007955 0.001908 0.003711 0.007485 0.014196 0.013322 0.003249 0.006234 -0.022464 -0.012793 0.004913 -0.001418 0.00696 0.005023 -0.013815 -0.001106 0.002674 -0.034701 0.008224 0.005003 -0.00119 0.008688 0.007334 0.003747 0.003029 0.007064 -0.004021 0.021835 0.00722 0.008923 0.005563 -0.013165 0.017863 -0.000681 0.004943 -0.023013 0.023241 0.018059 0.010805 -0.013821 -0.005958 0.005029 0.001611 -0.000249
0.011737 0.02633 0.06361 -0.011202 -0.013613 0.022767 -0.034665 -0.013578 0.010428 0.039867 -0.021249 0.01958 -0.004198 0.036891 -0.024405 0.089837 -0.037318 0.086844 -0.036217 0.021689 -0.069231 0.045962 0.004029 -0.018472 -0.027067 0.042989 0.012551 0.017136 0.010208 0.006656 -0.013078 -9.5e-05 -0.007779 -0.00409 0.02099 -0.007294 0.001424 0.003941 -0.014133 0.006882 -0.00866 0.006962 0.005903 0.005583 -0.000574 -0.007981 0.009851 -0.016585 0.006181 -0.004989
-0.030025 -0.01318 0.007703 0.001611 0.004087 -0.004078 -0.004762 -0.002862 0.003207 0.011531 -0.007612 -0.005104 -0.00845 -0.006416 -0.000476 0.015228 0.005425 0.015733 0.002763 -0.007937 0.006053 -0.007168 -0.015272 0.003024 -0.003549 -0.000745 0.004463 -0.003203 -0.013077 0.007231 -0.002713 0.007251 -0.004486 0.025514 0.014051 0.000681 -0.007924 -0.010775 0.01294 -0.00672 0.003107 0.028674 -0.002911 -0.019158 0.01432 -0.001427 -0.011588 0.00748 0.003989 0.012588
-0.032059 -0.034618 0.005579 0.001695 0.029428 -0.003397 -0.009814 -0.002776 0.003915 0.009572 0.004936 0.000896 0.007753 0.001276 -0.00056 0.004463 0.004124 0.018779 0.017089 0.005746 0.001381 -0.016601 -0.004602 -0.013754 0.0058 -0.018167 0.007635 -0.011172 -0.006249 -0.00135 0.016562 0.002024 0.005908 -0.000398 0.001366 0.000896 0.005473 -0.005577 -0.001901 0.004171 0.006219 -0.010063 -0.005917 -0.009276 0.014304 -0.015101 -0.008382 -0.023414 0.006387 -0.015475
-0.042809 -0.014585 -0.005899 0.006347 0.002341 -0.005705 0.001339 -0.009003 -0.002588 -0.00226 -0.004291 -0.003616 0.010909 0.007379 -0.00454 -0.010239 -0.011978 -0.006692 0.002434 0.002904 -0.006147 -0.005696 0.002587 -0.005645 0.003815 -0.003803 0.00627 -0.00369 0.000424 -0.001939 -0.003254 0.00237 0.017846 -0.013513 0.000673 0.001297 -0.012525 -0.005491 -0.01383 -0.004777 0.004477 -0.009367 0.002872 -0.010022 -0.005955 -0.007888 -0.008462 0.001109 -0.010419 0.004562
0.019659 0.031311 0.106319 0.007892 0.05048 -0.062208 0.111705 -0.084252 -0.046309 -0.016845 0.043833 0.039054 -0.018453 -0.04949 -0.031385 0.015343 -0.011944 -0.00886 -0.005741 -0.012211 -0.008129 0.003678 0.013864 -0.003128 -0.002832 0.007195 -0.017427 -0.010675 0.008377 -0.005024 -0.003764 0.002042 -0.00437 0.006356 -0.00125 0.002289 0.006675 0.000932 0.018514 -0.004119 0.004428 0.005943 0.004997 -0.003579 -0.009981 -0.004204 0.00246 -0.002714 0.001786 -0.002006
-0.034199 0.007072 -0.002353 0.014347 -0.003448 -0.006158 -0.001308 0.000873 -0.000567 -0.010967 -0.010402 0.00811 0.00329 0.000828 -0.004522 0.004075 -0.00293 -0.012982 -0.001471 -0.004481 0.003097 -0.000287 -0.004693 -0.023432 0.004683 0.006083 0.002856 0.005413 -0.005497 0.009624 0.001166 0.003322 0.005583 -0.008677 -0.003637 0.013112 -0.003136 -0.007101 -0.001229 0.01612 -0.017865 -0.014379 0.01421 -0.01874 0.004455 0.01928 0.002123 -0.00031 -0.001331 -0.003167
-0.025168 -0.018629 0.01104 0.009472 0.030602 0.007794 -0.014224 0.006314 -0.015732 0.013649 -0.001856 0.002259 0.025695 -0.00569 -0.001312 0.033302 -0.022414 -0.013479 -0.003694 -0.022188 0.005698 -0.001881 -0.012456 -0.008781 0.005764 -0.032701 -0.008905 -0.003015 0.011663 -0.02833 -0.018387 0.006208 0.008587 -0.011184 -0.009521 0.007176 -0.010963 0.027874 -0.002074 0.011458 0.017007 -0.004582 -0.013765 -0.020343 0.010113 -0.006177 -0.026055 -0.003606 -0.00441 0.028723
-0.018608 -0.031792 0.011559 -0.010589 0.014802 0.002431 0.004169 0.014041 -0.019365 0.020028 0.008074 0.012864 0.035992 0.017976 -0.005701 -0.018621 0.012449 -0.005496 -0.018784 -0.005832 -0.008103 0.002174 0.005617 0.013022 -0.003336 -0.007243 0.026539 0.017174 0.008491 0.010502 0.012676 0.01362 0.025262 -0.028037 0.021396 -0.007412 0.01594 0.011346 0.008325 0.020956 0.033621 0.020027 -0.007418 -0.010765 -0.026376 0.036224 -0.000596 0.010069 -0.006306 0.01487
-0.031127 0.01127 0.004463 0.004387 -0.022968 -0.006984 -0.002503 0.000802 -0.010211 -0.011235 0.007317 -0.010593 -0.006549 0.000393 -0.004566 0.005236 0.008992 0.000656 0.00329 -0.011439 -0.011832 -0.014786 -0.001402 -0.014839 0.001299 0.021416 0.006934 -0.019002 -0.001028 0.00189 0.006175 0.004504 0.009004 0.015367 0.004666 0.013376 0.003859 0.018563 0.001277 0.004379 0.012008 -0.046014 -0.012901 -0.020312 0.01193 -0.002645 -0.008579 -0.041807 -0.025255 0.026428
-0.035738 0.002653 0.001347 0.002401 -0.013508 -0.008359 -0.005472 0.004197 -0.002894 0.001193 0.002334 -0.003035 -0.007807 -0.006973 0.001282 -0.003217 0.003182 -0.002652 -0.017189 -0.006402 -0.000961 -0.008061 0.008627 -0.004809 0.004104 -0.008929 0.007794 -0.000881 0.010628 -0.010387 0.020954 0.003405 -0.002057 -0.012195 0.022301 0.012678 0.006179 0.01818 -0.001156 -0.012206 0.010507 0.00198 0.001916 -0.007239 0.012534 -0.012099 0.0109 -0.012836 0.012517 0.004439
-0.017031 -0.024809 -0.014497 -0.016274 0.006993 0.009288 0.020544 0.013991 -0.000528 -0.016452 0.00564 0.004016 -0.004788 -0.009922 0.016007 0.003842 -0.017199 0.000886 -0.001557 0.002075 -0.005438 0.001308 -0.012216 -0.015762 -0.022933 -0.010535 0.00448 -0.011346 0.008319 -0.001087 -0.004836 0.003437 0.002945 0.004582 0.003594 -0.004323 0.020149 -0.002577 0.013713 0.007294 -0.012828 0.002693 0.006265 -0.022046 0.014201 -0.001997 -0.009526 -0.008078 -0.010758 0.001312
-0.001658 -0.030157 2.5e-05 -0.015819 0.009318 0.009092 -0.009893 -0.007013 0.010291 0.0143 -0.019819 -0.00841 0.008925 -0.019027 0.020311 0.020868 -0.01558 -0.016837 0.005979 -0.019194 0.013768 -0.001882 0.025157 -0.015532 -0.001741 0.026703 -0.019826 0.003972 1.7e-05 0.015251 0.009874 0.011367 -0.00094 0.005995 -0.041583 -0.019602 -0.003061 -0.026533 0.008922 -0.009512 -0.01844 0.019688 0.010083 0.017286 -0.014895 0.001477 -0.000941 0.000453 0.023473 -0.008764
-0.039936 -0.02292 -0.001794 0.01036 0.009914 -0.007331 -0.011825 0.008237 -0.009596 0.009315 0.01424 -0.004471 0.004345 -0.008658 0.008127 0.004493 -0.003473 0.001001 0.004332 -0.00276 0.000857 -0.012038 -0.018194 -0.0003 -0.000237 -0.000857 0.003113 -0.005122 0.011641 -0.014323 -0.004691 0.002585 0.007915 -0.001966 -0.004935 0.005123 -0.005208 0.005434 -0.003837 0.008896 -0.000919 0.010139 -0.007553 -0.009243 -0.01113 -0.006173 -0.003953 0.007331 0.01847 0.013348
0.006753 -0.034534 -0.001493 -0.014887 0.025442 0.015344 0.008857 -0.004247 0.00173 -0.028601 -0.008725 -0.014219 -0.001427 0.008895 0.030841 -0.023572 -0.009353 0.018504 0.003386 -0.010846 -0.014035 0.010009 0.002944 -0.023347 0.004463 0.014814 -0.019224 -0.005468 0.017056 -0.001769 0.005069 0.011256 0.039056 -0.016902 0.010779 -0.003862 -0.003688 0.020947 -0.000161 -0.017972 -0.000274 0.009387 -0.001459 0.002724 -0.0199 0.017005 -0.003072 -0.029403 -0.016021 -0.00132
-0.039655 -0.010808 0.001946 0.006966 -0.010486 -0.009804 -0.00712 -0.002729 -0.001118 -0.001721 -0.006268 -0.002918 0.009962 -0.0019 -0.008352 0.010306 0.006349 -0.009968 -0.000585 0.006992 -0.006173 -0.000237 -0.003997 -0.005853 -0.005011 -0.003011 0.00622 0.01406 -0.011938 -0.009098 -0.006763 0.008989 0.017588 0.00313 0.003532 -0.000606 -0.001415 0.003732 0.003641 -0.011893 -0.003483 0.000937 -0.006805 -0.030099 -0.011992 0.016508 -0.015459 0.000243 0.010726 -0.011372
-0.007394 -0.005614 -0.011369 -0.00993 0.012288 0.012828 0.016447 -0.020839 0.001699 -0.024363 -0.012591 0.017299 0.029084 0.020021 0.007075 -0.017245 0.004305 0.019475 0.016819 -0.00065 -0.012894 -0.01468 -0.026492 -6.8e-05 0.025311 0.008374 0.012212 0.043091 0.014269 -0.018778 -0.018781 -0.013913 -0.006127 0.003487 -0.014718 -0.036487 -0.030298 0.018014 0.004061 0.033557 -0.005323 -0.008259 -0.017615 -0.034586 -7.2e-05 -0.003251 0.021026 -0.032557 0.002183 0.01642
0.019575 -0.021676 0.002014 -0.029512 0.008485 0.000577 -0.011561 -0.000278 -0.012403 -0.018477 0.002061 -0.002768 0.007565 0.00285 0.008698 0.012225 -0.010924 -0.003613 -0.006833 -0.012265 -0.004004 0.001031 0.005726 -0.00862 -0.0159 0.002291 0.003013 -0.00811 -0.021603 -0.007524 -0.008655 -0.003062 -0.029803 0.005239 0.011614 0.023337 -0.001958 -0.029908 -0.022271 -0.020106 -0.001386 -0.011593 0.007622 -0.009201 -0.026023 0.016075 0.010625 0.017917 -0.021133 0.018228
0.020916 0.027849 0.087535 0.001425 -0.003227 0.007903 -0.065598 0.023382 -0.017321 -0.038795 -0.056098 0.112912 -0.02324 -0.043521 0.066942 -0.034257 0.001406 -0.007083 0.040107 0.043328 -0.030487 0.009493 0.002702 0.015535 -0.005863 -0.019489 -0.004691 -0.007556 0.00208 0.002455 0.02951 -0.005585 0.000698 0.005839 -0.00377 0.011221 -0.004065 -0.005436 0.007332 0.005982 0.010189 -0.001407 0.00192 -0.004626 -0.004151 0.002136 -0.003562 0.005689 0.004905 0.007744
-0.033583 0.00754 -0.011556 0.00202 -0.025525 -0.007609 0.00454 -0.009466 -0.003733 -0.000891 -0.008171 0.000934 -0.006788 -0.003546 -0.005998 -0.002591 -0.00215 0.00227 -0.008504 -0.003952 -0.002078 0.00321 0.016498 0.005811 0.008003 0.002029 0.01042 0.001605 -0.003687 0.019334 0.005052 -0.007629 0.003712 -0.010671 -0.00894 -0.002403 0.010907 -0.003249 -0.011618 -0.015325 0.001212 -0.005791 0.020951 0.017808 0.004664 -0.012947 0.003699 0.005385 0.003062 0.003061
-0.031425 -0.01275 -0.002741 -0.002243 -0.003043 0.008163 -0.003193 -0.005231 0.003556 0.004173 -0.006179 -0.002057 0.001101 -0.006199 -0.008012 -0.001403 -0.009427 -0.001566 0.00684 -0.005818 -0.009452 0.002981 -0.001498 -0.001947 -0.005331 -0.009334 0.008308 -0.013202 -0.006425 -0.020718 -0.009035 -0.005954 -0.023682 -0.002644 -0.01113 0.004018 -0.011103 -0.011108 -0.009497 0.000406 0.007914 -0.007845 -0.005921 0.006117 0.001133 -0.017023 0.003006 -0.018312 -0.004628 0.007748
-0.024482 0.000738 0.001572 0.002954 -0.020773 0.007524 0.000836 0.000264 -0.017758 0.014124 -0.001978 0.007917 0.001793 0.001152 -0.002092 -0.009996 0.001931 -0.00348 0.006178 0.002826 -0.011787 -0.002506 0.000489 -0.007269 -0.010881 -0.001828 0.004036 -0.02332 -0.020148 0.004578 -0.005026 0.004009 -0.01771 0.029056 0.001297 0.027166 0.002122 0.006852 0.011801 0.013293 0.000665 -0.017055 0.00932 -0.004217 -0.004236 -0.018152 -0.002443 0.018199 -0.033528 -0.009557
-0.036832 -0.028349 0.010721 0.015335 0.00021 -0.017939 -0.010849 0.003849 -0.013238 0.026502 0.007806 0.011147 0.009935 0.008527 -0.004364 -0.002209 0.023308 -0.002005 -0.001506 0.013534 0.008072 -0.011347 0.011374 0.013398 0.011262 0.010245 -0.004624 0.000291 0.001017 0.010769 0.009163 0.001592 -0.009722 -0.003754 0.000263 0.005087 0.006214 -0.007079 -0.003771 0.007961 -0.012135 0.008873 -0.012839 0.011657 0.00614 -0.019908 0.007764 0.000575 0.001839 0.008222
-0.024445 -0.015787 0.007064 0.005116 -0.011656 -0.013052 -0.015386 -0.000754 -0.005817 0.007201 0.018034 -0.001824 0.004628 -0.011532 -0.019976 -0.006733 -0.000156 0.008636 8.9e-05 0.015629 -0.012853 -0.018501 -0.001033 -0.001738 0.019686 -0.007402 2.9e-05 0.00336 -0.004828 -0.018728 0.009741 0.002431 -0.014895 -0.006756 0.015243 0.00015 0.018461 -0.016103 -0.007114 0.016658 0.026288 -0.002086 -0.003891 0.007385 -0.001447 -0.013715 0.003605 -0.008312 0.002214 -0.00274
0.031338 -0.02119 -0.02604 -0.011182 -0.013999 -0.013716 0.005343 0.001509 0.006174 -0.00533 0.007944 -0.000499 -0.005564 -0.001428 -0.007822 -0.002228 0.005092 0.005374 -0.001795 0.002789 -0.004719 -0.003808 -0.004204 0.014426 -0.001971 0.003368 -0.001695 0.00199 -0.000919 -0.00089 -0.006232 -0.001062 -0.008653 0.007247 0.008362 0.003922 0.010576 -0.00372 0.000205 0.005357 -0.006604 0.000351 -0.004954 -0.011466 -0.001502 0.009204 -0.002875 0.002538 0.003613 0.002081
-0.014953 -0.042412 0.002002 -0.007936 0.020078 0.016701 0.005549 0.001478 -0.007738 0.010856 -0.015011 0.01358 0.010262 0.003309 -0.011418 -0.00549 -0.005613 -0.009252 -0.002841 0.008927 0.005792 -0.004787 -0.012869 -0.02588 0.00729 -0.000667 0.003642 0.007843 -0.012497 -0.008276 0.001897 -0.004118 0.004804 0.02943 7e-06 -0.00409 0.016353 0.007441 0.008316 -0.011235 -0.011631 -0.005639 0.005233 0.000632 0.023148 0.002571 -0.005638 -0.008767 -0.006202 0.011756
0.016118 0.014667 0.070417 -0.006216 0.00942 0.014972 -0.020583 0.001506 0.038194 -0.052711 -0.016937 0.024236 -0.042125 0.040555 -0.04546 -0.046011 0.014822 0.02507 -0.054293 -0.045703 0.074399 -0.027083 -0.017248 0.014315 -0.046306 -0.000654 0.024865 0.027396 0.024304 -0.012225 -0.004796 0.040575 -0.015633 -0.023492 -0.02017 -0.005657 0.003005 -0.020787 -0.009435 -0.014465 -0.011728 -0.013462 -0.002997 0.006221 0.00782 -0.029511 -0.006633 0.001869 0.003165 -0.003426
0.023471 0.030925 0.078582 -0.022085 -0.040334 0.00197 0.014842 -0.041776 0.091854 0.078049 0.029584 0.013382 0.001966 0.060673 0.075205 -0.025426 0.004317 -0.042759 -0.009622 -0.031796 -0.008403 -0.023625 -0.026529 -0.030714 0.00625 -0.022331 -0.007048 -0.016687 -0.030305 -0.007332 -0.021591 -0.025038 0.010932 -0.00226 -0.001414 0.010227 0.009137 0.007904 0.004317 0.019957 -0.003412 0.000663 -0.00248 -0.003401 -0.011225 0.001623 0.00077 -0.002685 0.001263 -0.003547
0.010496 -0.023278 -0.002452 -0.014845 0.018443 0.01994 0.001909 0.004652 0.019858 -0.017269 0.011648 -0.018607 -0.01433 -0.014354 0.024085 0.012763 -0.00624 -0.002946 0.002556 -3.2e-05 -0.010489 -0.000272 0.014449 -0.002901 -0.000732 0.028726 -0.025692 0.002518 -0.026033 -0.005417 0.0141 0.012216 0.005094 0.008237 0.050188 0.003608 -0.007049 -0.001503 0.029036 -0.0311 0.002704 6.5e-05 0.009265 -0.019141 -0.012317 0.009153 -0.010885 0.00986 0.024462 -0.033632
-0.012675 -0.01753 -0.009812 -0.010722 -0.012137 0.019784 0.013898 -0.013542 0.008483 -0.012546 -0.001564 -0.013866 -0.016243 -0.015106 0.01745 0.004341 -0.024259 -0.003448 0.019729 -0.00031 -0.018662 -0.00263 -0.004388 -0.004699 -0.009833 -0.000255 0.005813 -0.004326 0.003689 -0.007174 5.3e-05 -0.008574 -0.037043 -0.000646 -0.014137 -0.015846 -0.009042 -0.000273 -0.002184 0.004865 0.007714 -0.014738 -0.015344 -0.0106 0.018617 -0.007841 0.020868 0.009989 -0.013165 -0.015414
0.012938 -0.036071 -0.011995 -0.016108 0.004118 0.004522 0.018924 0.000818 0.009604 -0.00053 0.000521 0.008673 -0.005295 0.007941 0.012651 0.001583 0.024209 0.018695 0.00375 -0.000411 -0.006026 0.008539 2.1e-05 0.028028 -0.003095 -9.9e-05 -0.003917 -0.007044 0.011017 0.007743 0.001724 -0.012575 0.008441 -0.004108 -0.006882 0.004354 -0.008611 -0.006594 0.005477 0.001179 -0.023849 -0.005694 0.010988 -0.010778 -0.006537 -0.001999 -0.006103 -0.008051 -0.002583 -0.012975
-0.030161 0.006238 -0.001792 0.001546 -0.014529 -0.011104 0.004263 -0.004992 0.006687 -0.012089 -0.013572 -0.009217 -0.012905 -0.008337 0.009446 0.010361 0.005226 0.004956 -0.012023 -0.000677 0.000348 0.001175 0.004493 -0.013291 0.006368 -0.008919 -0.007757 -0.002138 0.01589 0.022249 0.014193 -0.01791 0.005355 -0.006819 -0.01014 0.010624 0.000866 -0.012394 -0.003909 0.002067 -0.012176 -0.011863 0.000945 -0.000615 -0.012952 -0.010967 0.006074 -0.009232 -0.001394 0.009169
0.019404 -0.032755 -0.010392 -0.014778 0.012175 0.001229 0.015557 0.002363 0.00202 -0.010121 -0.002499 0.014787 0.005973 0.012576 0.004506 0.000726 0.003023 0.015012 -0.002791 0.005255 0.025854 -0.005335 -7e-05 0.008893 0.016288 -0.001019 0.007471 -0.00494 0.00065 0.012332 0.008382 -0.006597 -0.00753 0.015162 0.006503 0.016711 0.007964 0.021619 -0.002363 -0.002068 -0.018416 -0.009838 -0.023497 0.018063 0.008679 -0.022778 0.002176 -0.020461 0.008231 0.006674
0.057485 -0.017987 -0.018075 -0.026186 -0.006327 -0.014043 0.000542 0.006183 -0.003316 0.008306 -0.000545 0.008776 0.004029 0.002182 0.004746 -0.001251 0.002997 0.001626 -0.006069 0.000149 0.003192 -0.003067 0.005436 0.006749 -0.007677 0.005848 0.004716 -0.006882 0.001381 -0.008217 -0.002105 0.006419 -0.001069 0.002329 0.000135 -0.002186 0.006383 0.002101 -0.004778 -0.009995 -0.007389 -0.001524 0.004409 -0.002254 0.0073 0.014987 0.010159 -0.003492 0.002537 0.003854
0.05944 -0.026006 -0.01698 -0.012856 -0.009277 -0.017624 -0.003127 -0.00208 -0.004185 0.008072 -0.001755 0.003661 -0.003254 -0.005474 -0.001834 0.000373 0.005447 0.000951 0.000649 -0.000332 0.002623 0.000126 -0.006187 1.5e-05 -0.000415 -0.002613 0.005189 -0.002751 -0.003413 0.002476 4e-05 0.001969 -0.007038 -0.002443 0.003786 0.001797 0.005905 -0.002209 -0.00437 0.001764 0.000411 -0.002023 -0.001773 -0.001361 0.004404 -0.000453 0.006707 -0.008302 0.000501 0.000365
0.029644 -0.020752 0.002083 -0.016809 -0.001474 0.026811 7.8e-05 0.027532 0.000203 0.01038 0.026329 0.026248 -0.00094 0.004942 -0.008182 0.019715 0.002669 -0.007721 -0.024664 -0.001239 0.01139 -0.00028 0.00022 0.014282 0.014931 0.005523 -0.00983 -0.034503 0.014804 -0.004955 0.027531 0.025091 -0.015619 0.002102 0.009028 -0.019451 -0.008524 0.017564 0.023645 0.024847 0.010851 0.008905 -0.006949 -0.012984 0.030051 -0.003559 -0.03129 -0.013598 -0.00651 0.004685
0.028418 -0.035747 -0.011062 -0.022789 -0.003149 0.00444 0.010165 0.003254 -0.012448 0.006542 -0.008618 0.009799 0.008571 0.000759 0.000224 0.006613 0.005618 -0.007849 -0.003415 -0.013879 0.0012 0.011824 -0.005056 -0.003698 -0.011331 -0.003922 -0.001461 -0.019819 0.008428 -0.001772 -0.009588 0.010615 -0.004977 0.006643 -0.004949 0.002517 -0.009048 -0.001537 0.00138 -0.002837 0.001847 -0.002006 -0.005955 -0.003335 0.001595 -0.00498 0.005375 -0.003171 0.000891 0.007116
-0.032742 -0.006813 -0.003915 0.008018 0.000212 -0.005735 0.000852 -0.004329 0.018802 -0.001417 -0.006722 0.000976 -0.003978 -0.005467 0.007112 0.017149 0.009432 0.0077 0.007176 -0.010667 -0.001889 -0.014053 0.008657 0.00659 -0.000545 0.015599 0.008695 -0.01749 0.007929 0.010151 -0.013411 -0.001305 -0.002591 0.020668 -0.026802 0.002298 0.015303 -0.009392 -0.014056 -0.011477 0.021026 0.021184 -0.009991 0.017253 0.002897 0.004324 0.013238 0.005317 0.033084 0.012039
0.02362 0.000916 0.041625 -0.030534 -0.015861 0.026003 -0.008146 -0.022864 0.034154 0.001494 -0.017289 -0.021389 -0.009698 0.010178 -0.063816 0.00017 -0.002586 -0.021861 0.07217 0.006365 0.048881 0.045356 0.071088 -0.012367 0.00419 0.004337 0.013121 -0.021199 0.050182 -0.022005 0.01301 -0.039063 0.031688 0.013651 0.027003 0.033795 -0.01943 0.005763 -0.026414 0.032555 0.012431 0.005083 -0.004634 -0.006531 0.002134 0.011568 -0.015664 0.025996 -0.000666 -0.000902
-0.027056 -0.027056 -0.000917 -0.009737 0.005785 0.015161 0.002901 -0.008032 -0.005007 -0.001916 -0.007152 0.008615 0.011255 0.016079 -0.005225 0.003248 -0.009522 0.012484 0.006775 0.002841 0.005226 0.006539 -0.010733 0.008922 -0.005443 -0.012461 0.007924 0.004772 -0.003697 0.002788 0.010104 -0.017315 -0.002755 -0.003751 -0.004079 0.011339 0.017511 0.002593 -0.004135 0.003202 -0.000659 -0.003486 -0.00174 -0.003084 -0.001049 0.015763 -0.022852 -0.011314 0.000857 0.012217
-0.018768 -0.011053 0.004556 0.006608 -0.00594 0.013423 -0.001585 0.004466 0.008186 0.012635 0.006872 -0.009724 -0.019588 -0.011179 -0.004977 0.010773 0.014523 -0.015543 -0.005553 0.01803 0.013324 0.013887 0.01004 0.01415 -0.022109 -0.002339 -0.008046 0.017475 -0.02031 -0.029979 0.005629 0.01787 0.02055 0.028632 -0.000553 0.011077 0.018307 0.019769 0.017546 0.001789 0.008935 0.00248 -0.004416 0.025113 -0.002502 -0.007597 0.023365 -0.037588 0.005668 -0.006382
0.035805 -0.018359 -0.021704 -0.013954 -0.009999 -0.004732 -0.001161 -0.003105 -0.009712 0.012838 -0.005171 0.006656 0.006734 0.002516 -0.006906 -0.006915 -0.001449 -0.002001 0.003353 0.000724 -0.002144 0.006736 -0.002958 -0.009989 -0.006911 0.005615 0.001059 -0.004649 -0.001528 -0.014091 -0.007301 0.018199 0.00476 0.004507 -0.008748 0.004483 0.004913 0.004091 0.010098 -0.006801 0.002006 0.00721 0.008744 0.003388 0.002288 -0.008711 -0.000784 -0.008654 0.011589 0.002657
-0.038695 -0.003332 -0.005214 0.004182 0.000557 -0.001583 -0.000685 -0.009262 -0.005442 0.017671 -0.010178 0.003164 0.011348 0.000561 0.003638 7.9e-05 0.006575 -0.003928 0.000361 -0.007761 0.001593 -0.00285 0.000552 0.004601 0.008305 0.000473 -0.00507 -0.007012 0.015957 0.007018 -0.001278 0.005493 -0.003748 -0.008076 -0.014961 0.016772 -0.009207 -0.010771 0.002658 -0.008364 -0.00129 -0.019763 -0.000763 0.0119 -0.001485 0.008608 0.01713 -0.010284 0.007391 0.001657
-0.037334 -0.010359 0.00296 0.010313 -0.003213 5.7e-05 0.00517 3.6e-05 0.010217 0.003834 -0.008549 0.00569 0.002251 -0.001933 -0.003302 0.010741 0.004928 0.000323 -0.001166 0.00355 0.009566 0.003499 0.004932 0.018042 -0.004731 -0.006234 0.000979 -0.012876 -0.004592 0.004146 -0.0014 -0.002603 0.004006 -0.013986 0.001569 0.002101 -0.015599 -0.000996 0.001539 0.010163 -0.009106 -0.001285 -0.02145 0.003761 0.01359 -0.013715 0.016177 0.00658 -0.011286 -0.003528
0.004579 -0.030854 0.010295 -0.005082 0.044097 -0.002307 0.000116 0.013406 0.011099 0.002469 0.00808 -0.012337 0.003202 0.009986 0.034003 -0.002286 0.00835 0.007163 -0.004535 -0.001567 0.008975 -0.01444 0.01959 -0.026457 -0.003456 0.008616 -0.015652 -0.007681 0.030103 0.020092 0.022625 0.005007 -0.004987 -0.001262 -0.007853 -0.022961 0.008946 -0.010687 -0.01002 0.008701 -0.009346 0.032074 -0.009298 0.026025 -0.010136 -0.035863 -0.012307 0.018742 -0.028035 -0.010517
-0.023658 -0.016445 -0.016637 0.005218 0.010679 0.012518 0.007559 -0.010484 0.006096 -0.016187 -0.001135 -0.018889 -0.006059 -0.001704 0.020513 -0.002175 0.005323 0.021668 0.00661 -0.00932 0.000907 -0.011604 0.007051 -0.005809 0.015398 0.003343 0.015524 0.005513 0.015395 0.011973 0.011738 -0.00697 -0.014871 -0.00899 -0.005545 0.009022 0.006795 -0.013889 0.010689 0.00973 0.010553 0.000877 -0.019165 -0.0131 -0.012186 0.005454 0.01965 0.015537 -0.008746 -0.012056
0.009212 0.017789 0.042438 -0.03525 -0.029508 0.0424 -0.00609 -0.033237 -0.051356 -0.003701 0.016978 -0.043511 0.009583 -0.019756 0.038482 0.002472 0.016124 0.032473 -0.058465 0.083572 0.071148 -0.032055 -0.014451 -0.013578 -0.002828 -0.002997 0.000275 -0.015752 -0.002514 0.044118 -0.013611 -0.031268 0.023421 0.023701 -0.001038 -0.005434 -0.043089 0.016153 -0.007511 -0.017764 0.02318 -0.001008 0.013483 -0.004879 -0.001946 0.007816 0.007873 0.005978 -0.006307 0.006366
-0.029264 0.020548 -0.005379 0.022882 -0.010853 -0.001963 -0.007096 -0.002007 0.0056 -0.009805 0.009501 -0.013927 -0.010593 -0.007915 -0.000933 0.001307 0.003303 -0.012912 0.022982 0.002661 -0.003936 0.001041 -0.019588 -0.001484 -0.021726 0.024365 -0.009329 -0.010669 0.032218 -0.003829 -0.022376 -0.007818 0.003193 -0.003484 -0.013551 0.003054 -0.014744 0.029425 -0.007506 -0.014346 -0.019296 0.041842 0.022027 0.008944 0.002418 0.002809 -0.033654 -0.012347 -0.004927 0.004506
0.013118 0.020545 0.082354 -0.002268 0.003524 -0.029462 0.05394 0.098272 -0.055228 -0.009823 -0.055053 -0.072305 -0.025924 0.076516 0.019956 0.023678 -0.017574 -0.031064 0.032416 -0.004048 -0.002175 -0.021497 -0.013751 0.013422 -0.018665 -0.003436 0.001529 0.012355 0.000403 0.007488 0.00105 -0.010328 -0.018234 0.016091 0.014592 0.005291 -0.001607 -0.00586 0.007986 0.006237 0.016308 -0.002411 0.009521 -0.000559 -0.001121 -0.005074 0.003903 -0.016788 0.017899 -0.003514
-0.039286 -0.001562 0.005565 0.008577 0.004808 -0.001407 -0.007768 -0.00092 0.006361 -0.002522 -0.004254 0.001002 0.00192 -0.003739 0.013583 0.006347 -0.01779 -0.010482 -0.00883 -0.003522 0.000652 -0.006606 0.010354 -0.002525 -0.012327 -0.012315 -0.009616 0.018017 0.005655 -0.002693 -0.014542 0.008867 -0.001638 -0.011895 -0.002998 0.000571 0.011885 0.026174 -0.000809 -0.009115 0.000286 0.001132 -0.020733 0.004598 0.018839 0.015927 -0.004788 0.019636 0.021411 0.00214
-0.042646 0.005628 -0.001812 0.016505 -0.009412 -0.018219 -0.00268 -0.006326 0.006738 -0.008794 -0.003491 -0.016882 -0.011341 -0.009125 0.009657 0.006427 -0.001566 -0.002191 0.001946 0.005922 -0.000151 -0.010499 -0.00032 0.015576 -0.008948 -0.001885 0.008318 -0.007845 0.001411 -0.005692 0.002619 -0.004899 0.006387 -0.005382 -0.007608 0.001233 0.006182 0.000849 -0.006736 -0.008728 -0.002957 -0.00365 0.008625 0.001831 0.004677 0.008229 0.006331 0.00046 -0.005913 0.002782
-0.029624 0.004763 0.010195 -0.00784 0.005944 -0.017739 -0.021663 -0.018217 -0.006004 -0.011096 -0.010572 -0.02186 -0.008377 -0.010739 0.000678 0.000684 -0.015878 -0.009148 0.002179 -0.021267 -0.013384 0.010558 -0.021209 -0.020514 -0.020641 0.005018 0.006478 0.018949 -0.009676 0.016634 0.011595 -0.001952 0.012158 0.01114 -0.016917 0.010453 -0.004018 0.051208 -0.004932 -0.0161 -0.025106 0.01746 -0.017087 0.01703 0.050408 0.001179 -0.017324 0.027031 -0.018049 -0.024714
-0.037899 0.002177 -0.001241 -0.000813 -0.021863 -0.001061 0.005893 0.00347 -0.004067 0.001694 -0.002102 -0.001914 -0.004241 -0.005247 -0.003518 -0.005781 -0.003933 -0.015042 -0.003843 0.002434 0.002005 0.01396 -0.000452 -0.014708 -0.009364 -0.009161 0.017184 0.000708 -0.001041 0.005739 -0.012438 0.011758 0.000656 -0.018551 0.003217 -0.000637 0.011027 0.000796 -0.004363 -0.007824 0.001541 0.002099 -0.00042 -0.007501 -0.007023 -0.003826 0.010808 0.006968 -0.004834 -0.017647
-0.006593 -0.014965 -0.003952 -0.000626 -0.011706 0.009039 -0.001314 0.016616 0.013368 -0.019695 -0.00214 0.010639 -0.016614 -0.002945 -0.014219 -0.013154 6e-05 -0.018113 0.001804 -0.00688 -0.011108 0.00412 -0.013517 -0.006434 -2.2e-05 0.053551 -0.002117 -0.030348 0.012082 0.008274 -0.037933 -0.00598 -0.016086 -0.002786 -0.016775 -0.000324 -0.010388 0.010976 0.007701 0.013041 0.034481 0.022825 -0.03418 -0.003155 -0.03207 0.026649 -0.003896 -0.013821 0.004286 -0.018912
-0.031823 -0.019329 0.001564 0.007394 0.002351 -0.003159 -0.003559 -0.003819 0.00659 -0.004916 -0.007523 -0.000146 -0.000943 0.007633 0.001413 -0.008389 -0.001585 -0.002086 -0.002539 0.01382 0.004426 -0.006469 0.005366 0.002635 -0.004274 0.007913 -0.005174 -0.013778 0.003256 -0.00201 0.0071 -0.005706 0.001231 0.004016 -0.01589 0.016209 0.009082 0.021578 0.008863 -0.022502 -0.01183 -0.009208 0.017616 -0.01097 -0.010954 0.014541 -0.004459 -0.006036 0.000683 0.008686
-0.024178 -0.024507 0.010613 0.007172 0.014215 0.00705 -0.006612 -0.000567 -0.009028 0.004556 0.000746 0.009035 0.013789 0.00758 0.000145 -0.014719 0.015986 -0.013933 -0.003709 -0.005731 0.002377 0.007256 0.016069 -0.009762 -0.012198 0.015182 -0.011196 0.005246 -0.015904 0.006143 -0.001455 0.01189 -0.010241 0.014598 0.01114 -0.01591 -0.040328 0.014477 -0.006783 -0.001606 0.00697 -0.00029 -0.012341 -0.009379 -2.4e-05 -0.009633 0.016593 -0.020216 -0.024201 -0.009222
-0.030251 -0.005175 0.016736 0.011522 -0.010989 -0.016016 -0.017722 -0.001481 0.001698 0.012364 0.00439 -0.003529 -0.001602 0.009278 -0.021172 -0.000834 0.012054 -0.002244 0.005269 0.011894 -0.001744 -0.00114 -0.006852 0.0087 0.004071 0.004352 -0.010469 -0.020309 0.011073 0.02786 0.015127 -0.010342 -0.007065 -0.029423 0.010793 0.018032 -0.013712 -0.016883 0.01691 -0.009449 -0.057492 -0.001036 -0.017289 0.001753 0.02524 0.029609 0.032112 -0.010193 -0.004144 -0.002797
-0.032681 0.004384 0.000602 -0.001667 -0.033172 -0.000205 0.001223 -0.024694 -0.013804 0.003639 -0.003277 -0.005378 0.012623 -0.001244 2.6e-05 -0.002715 -0.001042 -0.008405 0.002613 -0.007124 0.004577 0.001005 -0.011108 0.016212 -0.016605 0.002709 -0.002659 -0.005465 -0.001486 -0.011173 0.029312 -0.005078 0.007708 -0.007915 0.001664 -0.020773 0.012016 -0.012121 -0.022215 0.016664 -0.016123 0.004822 0.02348 -0.016447 0.009053 -0.010511 -0.016021 0.006634 0.014139 0.023699
-0.02503 -0.008593 0.001988 -0.004832 0.005562 -0.005013 -0.008232 -0.010773 0.008264 -0.026777 -0.011604 -0.0163 0.007369 -0.011654 0.01467 -0.007356 -0.016273 -0.003052 -0.010225 0.009571 0.000589 0.014296 0.004062 -0.004883 0.002122 -0.017344 -0.028144 0.025816 -0.000891 -0.019121 0.000441 -0.008772 0.016871 0.000949 -0.006038 -0.001493 0.010638 0.013462 -0.011324 -0.002181 -0.006352 0.001899 0.01211 0.029336 -0.003203 -0.002345 -0.029798 -0.002975 0.024898 0.00024
-0.00368 -0.033065 -0.00098 -0.013116 0.020121 0.004087 0.008092 0.00127 -0.017829 -0.005972 -0.012089 0.006445 0.012539 0.010414 0.023333 0.001545 -0.007933 -0.001442 -0.008211 -0.010887 -0.000395 0.026714 0.019586 0.004807 0.001708 -0.009867 -0.015491 0.008429 -0.009835 0.01716 -0.009798 -0.009587 -0.010297 -0.008942 -0.013288 -0.001999 0.010131 0.00278 -0.013648 0.023253 -0.016956 -0.011746 -0.012948 0.004817 0.001873 -0.014159 0.015753 0.007048 -0.002558 -0.000197
-0.033709 0.007954 -0.013689 0.006669 -0.020366 0.008204 0.015613 0.010176 -0.013016 -0.006372 0.012586 0.015613 0.013051 0.014643 0.010744 0.005377 -0.003195 -0.003709 -0.007819 -0.007467 0.000938 0.007513 0.003173 0.007455 -0.002089 -0.002021 0.000715 0.002925 0.003046 0.006886 -0.00561 0.018796 0.022227 -0.014793 -0.004606 0.004601 -0.011796 -0.006912 0.010831 0.000372 -0.013994 0.000354 0.003937 -0.011541 -0.01258 0.012689 0.008953 -0.000662 0.002092 0.002626
-0.022528 0.000226 -0.008218 -0.006319 -0.003853 0.011935 0.013824 0.006245 0.005215 0.001463 -0.004634 0.010008 -0.001709 0.005259 0.001894 -0.000561 0.004737 -0.014768 0.007851 0.000917 0.005096 0.022148 -0.006155 0.022783 -0.016706 -0.005499 0.003297 -0.004653 0.009724 -0.001435 -0.006063 -0.006195 0.007315 -0.001114 -0.009858 -0.017528 0.002112 0.026742 -0.002241 -0.028816 0.018572 0.002086 0.007461 -0.007259 -0.015641 0.002586 0.017705 -0.004082 0.007271 0.002066
-0.027148 0.00373 -0.003482 0.011955 -0.014086 0.009248 -0.009638 0.014534 -0.015051 0.008789 0.017235 -0.001847 -0.010878 -0.004293 -0.008512 -0.011958 -0.017658 -0.009138 -0.004589 0.000357 -0.002634 -0.018028 0.022729 -0.018003 -0.014594 0.007716 -0.009765 -0.018415 0.002105 -0.005897 -0.006702 -0.009428 -0.01607 -0.00038 -0.011475 -0.014469 0.034894 -0.005859 -0.015388 0.006931 -0.000114 0.007814 -0.007904 0.025275 -0.011564 0.01399 0.006504 -0.009398 -0.017257 -0.004428
-0.019227 0.008911 -0.009329 -0.009939 -0.026594 0.013097 0.005009 0.003821 -0.019151 0.005704 0.010687 0.005966 -0.00163 0.001842 -0.001157 0.000387 -0.005205 -0.004266 0.005261 -0.020792 -0.013887 0.002455 -0.007843 0.01282 -0.008826 -0.009623 -0.009221 -0.018723 0.012034 0.002173 -0.0089 -0.020942 0.00012 -0.007247 -0.011645 0.022579 0.012161 0.010628 0.011297 -0.042218 0.005514 -0.019088 0.003101 0.031908 0.001423 -0.033356 -0.008918 0.007522 0.010958 0.00993
-0.035272 -0.016202 -0.00038 0.013574 0.007263 -0.006443 -0.011176 0.00339 0.001577 -0.007684 0.007314 0.006329 0.005916 0.012152 2.9e-05 0.005815 0.007768 -7.5e-05 -0.007874 -0.013755 -0.000637 -0.007281 0.008979 -0.003315 -0.010972 0.010278 -0.007808 -0.003345 -0.002274 0.002691 -0.018593 -0.012028 0.007203 -0.001921 0.008296 -0.003256 -0.008205 -0.004156 -0.005384 -0.006022 0.015479 -0.004912 0.002626 -0.002593 0.008341 0.019884 -0.014209 0.006973 -0.003219 -0.017952
-0.000741 -0.017104 -0.002606 -0.023262 0.018102 -0.001534 0.007523 0.007993 -0.001951 0.018645 0.019189 0.012363 0.0178 0.003401 -0.011987 -0.008669 0.008916 -0.004982 0.031625 0.011574 -0.001287 -1.4e-05 -0.00806 -0.033986 -0.009367 -0.021363 0.029833 0.002953 0.008843 0.037618 -0.010288 0.033604 -0.004753 -0.017013 0.000378 0.011219 -0.030782 -0.015145 -0.017099 -0.002872 -0.016674 0.011526 0.025953 -0.016883 -0.022108 -0.035182 -0.007913 -0.018282 0.049594 -0.015565
-0.028136 0.00937 -0.001674 -0.003861 -0.019087 -0.012377 -0.00418 0.00237 -0.013141 0.004829 0.001681 0.010226 0.004393 0.012288 -0.019851 -0.007853 -0.002102 0.002741 0.012803 0.008349 0.000618 -0.002983 0.001313 -0.021885 -0.006715 -0.008622 0.004968 0.022399 0.019541 0.015054 -0.018041 0.006453 -0.008579 -0.009537 0.003862 -0.042581 -0.006206 0.015254 0.014025 -0.01058 -0.010559 -0.020378 0.036119 0.01828 -0.01149 0.014238 -0.031275 0.007523 -0.007902 -0.015573
-0.011315 -0.015794 0.015195 0.008762 0.011268 0.005397 0.012085 0.025362 -0.012614 0.021274 -0.003449 0.009239 -0.00053 0.014797 -0.026314 -0.009507 -0.003183 -0.004911 -0.006336 0.02649 -0.003454 0.009825 0.006342 0.018885 0.00752 0.007943 -0.041228 -0.002024 -0.027211 -0.018002 -0.008466 0.011447 0.053131 -0.004913 -0.034677 -0.010614 0.010934 -0.021573 -0.002354 -0.004715 -0.027003 0.002157 -0.002773 0.00223 -0.009462 -0.014211 -0.011888 -0.012089 -0.019648 0.011964
0.006605 -0.038888 -0.000915 -0.022206 0.002847 0.017004 0.008498 0.014397 -0.007697 -0.016786 0.011998 0.010772 -0.001263 -0.000987 0.001912 0.001742 -0.010275 -0.013237 -0.005334 0.000843 0.009465 0.036489 0.00744 -0.024091 -0.007704 0.005813 0.009972 -0.000166 -0.026318 -0.0041 0.008981 -0.003649 -0.010092 0.003605 -0.01113 -0.0135 -0.017361 0.000887 0.010559 0.016289 0.002396 -0.002376 0.002186 0.017984 -0.002387 -0.001313 0.003292 0.02146 -0.009331 -0.00905
0.046693 -0.025445 -0.018432 -0.01613 0.000681 -0.012918 -0.003114 0.000486 -0.002495 0.006355 0.004406 0.001101 0.002363 -0.001098 0.005694 0.00196 0.006108 -0.003772 -0.000529 -0.005504 0.004534 0.00278 -0.002084 -0.003706 -0.007305 0.007148 -0.002037 -0.00698 0.005589 0.0008 6.9e-05 0.008281 -0.00823 0.007313 -0.001445 0.005409 -0.004719 -0.002266 -0.005554 0.000437 -0.000677 0.010362 0.000786 0.001926 0.00441 0.00255 0.004994 -0.005813 -0.009717 0.008062
0.011142 0.036198 0.068292 -0.009929 -0.019317 -0.014047 0.024058 0.070913 0.062127 -0.01791 0.01136 -0.038233 0.126095 -0.075594 -0.016004 -0.033065 0.001746 0.048526 0.000311 -0.013959 -0.007811 0.012757 0.003167 0.005914 -0.021191 0.006155 -0.007691 -0.003022 -0.009559 0.012843 0.011548 -0.008806 -0.009278 -7.4e-05 -0.015044 0.011858 0.008146 0.009031 0.011648 0.008647 -0.005714 -0.002606 0.003944 -0.005488 0.002879 -0.007568 0.00523 -0.001139 -0.001872 0.005891
0.007417 -0.027373 -0.000389 -0.033479 0.025025 0.017379 0.005947 -0.017616 0.020319 -0.035434 0.00304 -0.00572 -0.010634 -0.002247 0.002647 0.015893 0.001455 0.016224 0.016177 -0.016452 -0.014138 -0.008608 -0.028422 0.011339 0.001732 -0.017776 -0.009667 0.008043 0.010655 0.014445 -0.021057 0.001195 0.026313 -0.017546 0.014867 0.050301 0.004094 -0.024053 -0.002735 -0.000226 -0.007977 -0.010466 0.020456 0.002816 0.000859 0.02899 0.008615 -0.022168 0.001276 -0.002647
0.003345 -0.018706 0.007474 -0.018151 0.016018 0.004101 0.015994 0.006665 8.9e-05 0.00759 -0.003194 0.009541 0.021352 0.026763 -0.02849 -0.025693 0.009435 -0.016056 0.01431 0.036489 -0.017574 0.003332 0.010317 -0.016442 0.021278 0.020609 -0.009998 0.009347 -0.03261 0.000274 -0.00769 -0.026375 0.019134 -0.018564 -0.018006 -0.023544 -0.026961 -0.044285 0.001085 -0.03677 0.018857 -0.023928 -0.009669 0.024455 0.008202 0.000767 -0.013132 0.014498 0.02935 0.017491
0.029641 0.013273 0.029756 -0.035276 -0.012188 0.050435 0.009824 0.023156 -0.015848 0.023795 -0.054319 -0.001958 -0.029206 -0.058827 -0.043669 0.02481 0.037436 -0.013192 -0.01713 -0.056605 -0.029425 -0.058929 0.0047 0.000764 0.057577 -0.017926 0.012263 -0.010883 -0.028909 -0.01108 0.001119 -0.027988 0.012213 -0.026485 -8.1e-05 -0.031788 -0.014447 0.018079 -0.027658 -0.015211 -0.038958 0.015518 0.000263 -0.013263 -0.009515 0.00521 0.00254 0.016368 -0.017881 -0.019407
0.00551 -0.026724 0.00463 -0.022762 0.023025 0.011586 0.006654 0.011282 0.001329 0.018453 0.017597 0.013277 0.000622 -0.007876 -0.002578 -0.000476 -0.028654 -0.003202 0.00878 -0.006787 0.009521 0.004113 -0.020789 0.02814 0.013725 -0.028426 -0.00152 0.02683 0.016605 0.016558 -0.009828 -0.036405 -0.023866 0.007799 0.019928 -0.004645 0.022175 0.023896 -0.024568 -0.010924 0.010966 0.001597 0.037381 0.010159 0.026424 0.026469 0.016169 0.009254 0.010758 -0.003664
-0.025104 -0.012646 -0.004704 -0.006078 -0.015448 0.008464 0.011696 -0.013673 0.009666 -0.016226 -0.013637 -0.006022 -0.001879 -0.000878 0.006913 0.005934 0.006256 0.010702 0.000577 0.003529 -0.016219 -0.00395 -0.000571 0.000801 0.00424 -0.010021 0.011628 -0.00507 0.009128 -0.006658 -0.004966 0.007436 0.003208 -0.007267 -0.00931 0.003899 0.014664 -0.005849 -0.021502 -0.003378 0.012901 -0.012867 0.016618 -0.000847 0.016751 -0.003763 0.001613 0.023336 0.016098 -0.000218
0.000184 -0.032583 0.003076 -0.022773 0.016905 0.01675 -0.001318 -0.00204 -0.008811 0.007354 -0.007436 0.022022 0.023223 0.025545 -0.014588 0.004295 -0.01523 0.000903 0.009717 -0.012901 0.011406 -0.022716 -0.007109 0.031715 0.009214 0.029496 -0.005121 -0.027383 -0.004635 0.00317 0.002373 -0.007117 -0.012621 -0.006562 -0.021102 -0.001226 -0.000775 0.022374 0.001164 -0.012439 0.020856 0.006462 0.023581 -0.011613 0.016961 -0.002691 0.000576 0.038077 -0.011344 0.012401
-0.023604 -0.000648 -0.004462 0.000665 -0.011567 -0.008671 0.001542 0.006247 0.011881 -0.011179 0.003978 0.008824 0.000287 0.008704 -0.012638 0.013627 0.005597 0.000111 -0.012876 0.013731 -0.000977 0.001569 -0.000181 0.01677 -0.021119 0.002205 0.003375 -0.030426 -0.007555 -0.002824 -0.014881 -0.002788 0.025066 -0.015443 0.000624 0.019834 0.008866 -0.01829 0.03062 0.001018 -0.000253 -0.003316 -0.008151 0.010765 0.0061 0.024631 -0.030586 -0.00154 -0.03706 -0.005615
0.030062 -0.022484 -0.018015 -0.028672 -0.002293 0.000154 0.010253 -0.001497 -0.004492 -0.015269 -0.005793 -0.000985 -0.002365 0.005004 0.009053 0.003159 0.013219 0.008203 -0.000576 -0.003396 -0.001806 0.00934 0.003702 -0.010805 -0.002257 -0.013818 -0.005034 -0.013539 0.001557 0.014637 -0.005045 -0.007146 -0.017181 -0.005037 -0.009514 0.008104 0.008857 -0.007489 -0.001334 0.006392 -0.011912 0.01276 0.000579 -0.006339 -0.005925 -0.004829 -0.005645 -0.002208 -0.010913 -0.00644
-0.01501 0.005121 -0.004941 -0.010567 -0.012809 0.012369 0.000806 -0.00562 -0.008084 0.006637 0.017521 0.005924 -0.005456 0.001254 -0.009479 -0.006056 -0.016098 0.017073 0.008624 0.008601 0.005656 -0.002402 -0.021824 0.011628 -0.000112 -0.009838 0.018149 0.003651 -0.007859 -0.026787 0.006233 -0.012054 -0.036618 0.025995 0.018579 0.023751 0.008167 -0.009722 -0.00027 -0.031012 -0.016518 0.042464 -0.036122 0.021872 -0.028647 -0.003747 -0.002317 -0.01915 -0.034655 0.00967
-0.013569 -0.000207 -0.005816 -0.015817 0.008639 0.009956 0.015675 -0.000228 0.010175 -0.00773 0.003514 0.000218 0.000697 -0.000871 -0.003862 0.008746 -0.016254 -0.006839 -0.023286 0.00113 0.015846 0.036704 0.009266 0.000417 -0.036924 -0.040566 0.023689 -0.005471 -0.03962 -0.023001 0.027649 -0.009605 -0.009192 -0.015136 0.006631 -0.025025 -0.016502 -0.016021 -0.008693 -0.003498 0.021158 -0.001855 -0.004546 0.020734 -0.019352 -0.000668 0.030902 -0.00279 -0.012483 -0.003106
-0.024953 -0.01408 0.000425 0.007806 -0.011758 -0.006218 -0.008344 -0.012636 0.005538 0.009152 -0.007393 -0.001727 0.003364 -0.018148 0.008619 0.017629 0.004055 -0.025116 -0.007924 0.00556 0.002167 -0.001165 0.018498 0.039226 -0.022556 0.003711 0.011864 -0.013603 -0.004339 0.012196 0.000816 0.03043 -0.005265 -0.026926 -0.000271 -0.003953 -0.029319 0.017486 -0.002095 -0.001702 0.013763 0.021391 0.011568 0.004495 -0.005102 -0.010751 0.0011 -0.011867 0.027101 0.002593
-0.000554 0.001075 0.041192 0.00178 -0.018281 -0.003026 0.001888 0.008191 0.006684 0.014949 0.013377 -0.012859 -0.017521 -0.015193 0.014123 0.013847 -0.025449 0.010068 0.041967 0.001505 0.052684 0.056672 -0.060474 -0.001354 0.078875 0.036248 -0.007338 0.004808 -0.031501 0.017895 0.022265 0.080886 -0.002289 -0.025646 -0.009294 0.000346 0.014576 0.005301 -0.042625 -0.021122 0.009432 -0.02265 -0.010902 0.001408 0.000284 0.012942 -0.004833 0.004363 -0.02349 -0.01021
-0.033429 -0.010202 -0.001293 0.017375 -0.001026 -0.004784 0.000852 -0.003245 0.001386 0.006995 0.005516 -0.011191 -0.012505 -0.014837 0.017139 0.001538 0.008428 0.011777 -0.000409 -0.013152 -0.013163 0.000411 0.017982 0.006393 0.000409 0.008747 0.007191 0.003185 0.000746 -0.0047 0.004679 0.00237 -0.001595 0.002795 0.003128 -0.014162 0.004427 -0.01825 -0.016956 0.008481 0.0157 -0.024197 0.005697 0.000975 -0.005525 -0.004241 0.025272 -0.003198 0.010606 -0.001485
-0.033458 -0.010974 0.002702 0.00041 -0.020324 -0.007452 0.002496 0.003549 -0.009666 -0.003098 0.011852 -0.00292 -0.008274 0.003179 0.005503 -0.003801 -0.009583 0.009803 0.010606 -0.006411 -0.003495 -0.006088 0.000875 -0.001886 -0.002553 0.002789 -0.00305 0.007849 0.015576 -0.00338 0.004031 0.011455 0.009477 0.009655 0.002166 -0.001523 0.009167 -0.013633 0.001491 0.011737 -0.000891 -0.014344 0.0083 -0.000596 -0.000553 0.012052 -0.010485 -0.00263 -0.01228 0.006246
-0.026467 0.011301 0.001308 0.010124 -0.016546 0.002936 0.00381 0.016294 -0.010027 -0.004561 0.007873 0.000829 -0.020571 -0.004948 -0.005333 -0.005548 0.003974 0.016725 0.004169 -0.005037 0.020039 0.002721 -0.015664 -0.022269 0.011052 -0.00636 0.005138 0.003974 -0.009967 -0.013925 0.014565 0.000751 -0.00089 0.040352 -0.026504 0.011114 -0.031595 -0.008225 -0.014204 0.017299 -0.013763 0.039489 -0.001779 0.00188 -0.014534 0.027207 0.015541 -0.027594 0.032356 0.017931
-0.038449 -0.021059 0.007721 0.003855 -0.00374 -0.013027 -0.00681 -0.006977 -0.003339 0.005298 -0.011114 -0.007568 0.007387 0.00546 0.001996 0.008425 -0.006874 0.003122 -0.005627 -0.000976 0.005609 -0.01277 0.007247 0.033509 -0.003678 0.005063 0.002045 -0.003178 -0.00898 0.00045 0.000283 -0.008218 -0.000912 -0.018838 -0.011587 0.012354 -0.006952 -0.001425 0.011531 0.014509 -0.013394 0.023648 0.009156 0.000668 -0.015432 0.013778 0.002003 0.013123 -0.015076 -0.012349
-0.033038 -0.000505 -0.013808 -0.010615 -0.033211 0.013033 0.009518 -0.007654 -0.015226 0.002775 0.008019 -0.000409 -0.00246 -0.003885 0.006132 -0.012018 0.003624 0.013731 -0.001938 -0.007472 0.001016 0.002355 3.4e-05 0.011589 0.002111 -0.004586 -0.002793 0.003435 0.007484 -0.001609 0.0092 -0.000656 -0.000856 0.013772 -0.000613 0.00678 0.003969 -0.011082 -0.004945 0.007187 -0.008958 0.009174 0.006395 -0.013506 -0.010448 -0.011121 -0.005747 0.000825 0.014934 -0.000348
-0.035439 -0.019644 0.008215 0.017401 0.021541 -0.013023 -0.015352 0.00383 0.009942 0.018389 -0.001021 -0.00887 -0.003108 -0.007982 -0.014174 -0.008747 0.008099 0.002365 0.003786 0.009714 -0.006107 -0.009492 -0.006015 -0.01378 0.007749 0.004213 -0.004844 -0.006645 -0.003511 -0.024109 -0.000168 -0.001745 -0.018017 0.010424 0.006891 0.022322 0.009601 -0.019391 -0.009079 -0.004443 0.012191 0.01055 0.00418 0.001225 -0.00107 -0.011958 0.001044 0.022972 0.00387 0.010142
-0.035404 -0.001714 -0.005319 0.015263 -0.022079 -0.005354 0.011143 0.007927 -0.005243 -0.000989 0.004887 0.00073 -0.01156 -0.000401 0.00535 -0.01203 0.003849 0.003452 -0.005814 0.003412 0.002308 0.010011 0.007979 -0.007411 0.005319 -0.001944 -0.013875 0.016343 0.000641 -0.012629 -0.006948 -0.009585 -0.001488 0.004749 -0.010251 -0.004186 -0.005932 -0.002802 0.005627 0.00499 -0.017974 -0.012137 -0.000189 0.001832 0.004848 -0.00366 0.009328 0.019303 0.003922 -0.004081
-0.033346 -0.004641 -0.003536 0.00526 -0.024954 -0.008439 0.002774 0.002248 0.000702 0.004264 0.014635 0.009789 -0.005656 -0.003613 -0.005241 -0.004323 0.004694 -0.006238 -0.002694 0.002554 -0.004206 -0.002654 -0.001457 0.017331 0.004097 0.006496 -0.000453 0.002515 0.006587 0.006233 0.004124 -0.006333 0.006017 0.006619 -0.002705 -0.005905 -0.010198 0.000527 0.003909 0.006553 -0.010951 -0.018367 0.001847 0.021408 0.017352 0.007161 0.021578 -0.012202 0.025038 -0.014619
-0.033737 -0.005629 -0.000115 0.021304 -0.018694 0.0042 0.00483 0.00268 -0.00441 -0.004047 -0.000421 0.004538 -0.00677 0.006112 -0.002099 -7.5e-05 0.019523 0.005458 -0.011755 -0.003245 0.002508 0.016756 -0.003612 0.00269 -0.00532 -0.003102 -0.030252 -0.003801 -0.009345 -0.01438 0.003781 0.003784 0.014171 0.012764 -0.005352 0.007998 0.009595 -0.009587 -0.006167 8.9e-05 -0.006359 -0.00913 -0.012805 -0.030866 -0.010246 -0.020511 0.003203 0.005507 -0.010469 0.001829
-0.025212 -0.011998 0.009728 0.006685 -0.013742 -0.014845 0.009488 0.001814 -0.000814 -0.006428 0.002366 0.007066 0.006472 0.006741 0.010894 -0.008788 0.005589 0.008415 -0.00481 -0.014547 0.001223 0.001103 0.029877 0.00864 0.040102 -0.001822 0.008501 0.01843 0.011131 -0.006677 -0.022868 0.013909 -0.015501 0.002406 0.037193 0.000177 -0.042538 0.021513 0.00861 0.005512 -0.018875 -0.005946 -0.039572 0.054619 0.013 0.017822 0.007497 -0.005313 -0.003384 0.025595
-0.02994 -0.018071 0.007846 0.011918 -0.016493 -0.020887 0.002051 -0.008466 0.001025 -0.012801 -0.003284 -0.002846 0.002611 -0.007085 0.000976 -0.005894 0.006344 -0.017792 -0.00798 0.002125 -0.00191 -0.003212 -0.006271 0.009297 -0.012034 0.008276 -0.010673 0.006597 0.007619 0.002437 -0.006122 -0.008361 -0.022676 0.002829 0.023361 -0.00313 -0.016518 -0.003081 -0.025158 0.017118 -0.019518 -0.005784 -0.004832 0.016904 0.017789 0.011783 -0.013521 -0.018055 0.002746 0.002885
-0.036497 -0.005852 -0.006801 0.002592 -0.019524 -0.011058 0.003339 -0.013508 -0.004589 -0.004203 -0.013199 -0.002246 0.00326 0.007112 -0.005501 -0.004077 0.007507 0.005473 0.00254 -0.011076 -0.000418 0.001145 0.003741 -0.003259 0.002382 0.007153 -0.008607 -0.002284 9.3e-05 0.00209 0.007135 0.010311 0.005114 0.021757 -0.003739 0.00744 0.007692 0.003295 -0.017696 0.016234 0.001366 -0.009688 0.003882 -0.001813 -0.027432 -0.008778 0.006909 0.007936 -0.005575 -0.003118
-0.025439 0.004532 -0.008405 0.004539 -0.025574 0.001689 0.00993 -0.005523 5.7e-05 -0.011318 0.004127 -0.002043 -0.004068 -0.006589 0.008048 -0.000602 0.004311 -0.008151 0.003152 -0.003985 0.006094 0.009283 -0.001273 -0.019119 -0.004722 -0.004908 -0.000977 0.023371 0.005346 6.4e-05 0.00438 0.003373 -0.006662 0.008806 0.006119 -0.007112 -0.016699 -0.016659 0.019978 0.001425 -0.008947 0.000903 0.003528 -0.020616 0.006278 -0.016666 -0.014007 0.008662 -0.004022 -0.043585
-0.030293 -0.008713 0.008418 0.004205 -0.01955 0.006737 6.4e-05 -0.000274 -0.00754 0.003965 0.014723 -0.006138 -0.003691 -0.001761 0.00231 -0.008562 -0.004847 0.026093 0.007062 -0.016818 -0.006878 0.015606 -0.006712 0.026099 0.005019 -0.037184 -0.013758 -0.004427 -0.008538 -0.040709 -0.000221 0.0165 -0.01608 0.002903 0.020972 -0.03453 -0.013169 0.009517 0.005366 -0.011545 0.01344 -0.008685 0.003 -0.006623 0.00067 0.016848 -0.012397 0.00153 0.015669 9e-06
-0.041938 -0.008956 0.013543 0.02455 0.010644 -0.028394 -0.006035 0.007831 0.008505 0.013156 0.001561 -0.003362 -0.007105 0.004863 0.001509 0.008114 -0.005775 -0.004794 -0.003629 0.015775 0.001392 -0.008078 0.01572 -0.003495 -0.004144 -0.003847 0.001375 -0.00079 -0.00211 -0.001627 -0.004504 0.006591 0.015781 -0.01225 0.012023 -0.003776 0.007013 0.008379 -0.009755 0.001474 0.001884 0.011126 0.007904 -0.017573 0.003597 0.015821 0.015996 0.011704 0.00266 -0.003554
-0.033546 -0.031819 0.010916 0.002679 0.028649 -0.010388 -0.008812 0.012551 0.006403 0.000634 -0.006442 0.005228 0.002065 -0.001776 0.000314 0.004732 -0.006515 0.00143 -0.005656 0.010107 0.01352 0.004488 -0.004589 0.004268 0.00899 -0.022937 -0.00802 0.00629 0.001814 -0.005084 -0.01593 -0.01206 0.006845 0.003948 0.0108 0.009501 -0.013229 0.00379 0.005574 -0.001693 -0.008285 0.012924 -0.017477 -0.00688 0.005633 0.005749 -0.002741 0.007623 0.002949 -0.006194
-0.035398 -0.007919 -0.008184 0.008175 -0.010552 -0.005617 -0.002376 -0.004255 0.004482 0.001643 0.001911 0.003262 -0.00223 0.000723 0.006671 0.002225 -0.019835 -0.003135 -0.002421 0.008731 0.001911 -0.000863 -0.003488 0.018098 -0.001635 -0.000735 -0.019881 -0.004833 0.002603 -0.002753 -0.007975 -0.014216 -0.006887 -0.001552 -0.012413 -0.015944 0.010822 -0.000477 -0.000949 -0.000378 -0.005323 -0.004395 0.002394 0.000374 -0.007007 -0.006964 0.002295 -0.008717 0.007519 -0.007986
-0.027641 -0.024144 0.007836 0.006311 0.019375 -0.004348 -0.008683 -0.004001 0.009089 0.000978 0.013566 -0.011198 -0.008717 0.004919 -0.00109 0.006238 -0.001274 0.020999 -0.014562 0.011512 -0.000479 -0.001951 0.003589 -0.002449 0.019638 -0.029346 -0.001415 0.000655 -0.005827 -0.015153 0.013239 -0.009728 0.013986 0.003984 0.005536 -0.013944 0.006 -0.011767 0.006298 -0.003041 0.015044 0.005156 0.008979 0.00261 0.018076 -0.005653 0.001554 0.001588 0.01087 -0.010548
-0.025303 -0.008981 0.000919 0.009991 0.008883 -0.008278 -0.009193 0.013038 0.010243 -0.000177 0.007319 0.005957 -0.016713 -0.012475 0.01208 0.004895 0.00149 -0.007139 -0.016939 0.008868 0.020063 0.007024 0.004984 -0.006237 0.017648 -0.006939 -0.01001 0.012852 0.029019 0.013341 -0.00213 -0.021063 -0.021689 -0.011463 0.014148 0.002143 0.038182 -0.004331 0.013424 0.001694 0.004573 0.004098 -0.002891 -0.026269 -0.011859 0.010213 -0.010732 0.015 -0.009527 -0.018213
-0.01308 -0.042376 0.009586 -0.009717 0.02473 -0.001527 -0.021298 -0.022414 -0.00037 -0.005724 -0.010007 -0.010255 0.006567 -0.002144 -0.007075 -0.007363 -0.005321 -0.011978 0.00619 -0.001719 -0.005517 -0.015067 0.007385 0.00565 -0.003869 0.010713 0.009064 -0.001209 -0.029252 0.009747 -0.00168 -0.004464 -0.009091 -0.008605 0.008219 0.006153 -0.001706 0.009396 0.021679 -0.003666 0.01344 -0.036043 -0.000977 0.02431 -0.005929 -0.011867 -0.015281 -0.016614 0.000145 -0.00392
-0.032556 -0.01826 0.012327 0.019759 0.000219 -0.022108 -0.002165 0.01134 0.018308 0.004573 -0.002921 0.003698 -0.011582 -0.003636 -0.012236 0.001503 0.011022 0.003974 -0.008956 0.010416 -0.006064 -0.009206 0.012659 0.000361 0.005208 0.004481 0.004663 -0.000832 0.000233 0.014592 -0.003369 -0.016003 0.019089 -0.007071 0.001351 -0.021868 -0.004797 -0.008739 -0.009422 -0.002962 0.004981 0.000815 0.01294 0.007543 0.003855 0.002921 0.005469 -0.016982 -0.011921 -0.003836
-0.021787 0.012938 -0.00419 -0.005971 -0.032582 0.004524 -0.004539 0.017665 -0.00393 0.004624 0.013308 -0.008432 -0.014154 -0.017424 3.5e-05 -0.007168 0.001093 -0.010202 -0.014901 -0.005605 -0.015438 -0.001749 0.004139 -0.009473 0.005416 0.008286 -0.007183 -0.016186 0.021647 -0.00751 0.007206 0.005512 -0.012921 0.020685 0.016341 -0.01254 -0.002607 0.004227 -0.016431 -0.00161 0.007654 -0.007704 0.0205 0.012837 0.000648 -0.031505 -0.022476 -0.006494 0.007421 0.006643
0.006766 -0.011032 0.003465 -0.019883 -0.009845 -0.01579 -0.0162 -0.021891 0.020789 -0.01012 -0.028719 -0.021664 -0.005057 -0.018408 -0.014095 0.008622 -0.009163 0.000959 0.017284 0.018506 -0.003503 -0.038526 -0.015023 -0.015493 0.017496 -0.007218 0.004674 -0.003518 0.010756 0.022303 -0.032795 0.027339 0.010014 0.014693 0.026092 -0.017448 0.034096 8.6e-05 0.026064 0.016888 0.013725 0.014785 -0.003577 0.01521 -0.013127 -0.012146 0.031629 0.020457 -0.001711 0.05369
0.006895 -0.007477 -0.011607 -0.022406 -0.022032 0.006311 0.010821 -0.012506 0.000549 -0.015152 -0.013311 -0.005845 -0.001696 -0.012172 0.001201 0.013626 0.001198 -0.007006 0.021499 -0.002749 0.00176 0.001846 0.017339 -0.004482 0.000462 -0.014874 0.033899 0.01619 -0.005611 0.009075 0.017454 -0.00977 -0.000759 0.006756 -0.012392 0.00736 0.028638 -0.017398 0.006937 7.6e-05 -0.004804 -0.004428 -0.003598 -0.003254 -0.013109 0.010339 -0.007597 -0.034604 -0.003355 0.001556
-0.032265 0.002225 -0.009439 -0.000855 -0.031915 -0.002143 0.00484 0.005204 -0.014172 0.00156 0.001932 0.00442 -0.003727 -0.002239 -0.006559 -0.020617 -0.004094 0.001777 0.002807 -0.009358 -0.000495 0.023774 0.002668 0.004337 0.001377 -0.008159 0.009464 0.000532 -0.005601 0.01005 -0.010152 -0.014162 9.3e-05 0.003718 -0.000678 -0.007208 0.000355 -0.003032 0.02136 -0.013931 -0.007119 0.002006 0.006151 -0.00491 -0.002773 0.004655 0.01208 0.003228 -0.003022 -0.01104
-0.027626 -0.017111 -5e-06 0.005975 0.022755 -0.014778 -0.015808 0.012235 0.013596 0.006339 0.018619 0.007851 -0.006553 -0.002115 -0.013004 -0.012416 -0.006395 -0.00121 -0.00548 0.005563 0.002859 -0.007077 -0.018489 -0.012567 -0.01273 -0.008537 0.016274 -0.003319 -0.014667 0.002255 -0.007954 -0.002523 -0.01501 0.025755 0.006009 -0.012907 0.0029 -0.005294 -0.006522 0.000178 0.021039 0.015721 0.014335 -0.005097 -0.00617 0.001748 -0.023788 0.014238 -0.003809 -0.012343
-0.025102 0.00429 0.003194 0.009567 -0.007587 0.000216 0.006713 0.003658 0.005974 -0.012628 -0.014317 0.006473 0.001638 0.00634 -0.003212 0.00063 0.015284 -0.002797 -0.01963 -0.002362 0.002473 0.00853 0.014847 -0.014361 0.008874 -0.001564 0.007993 0.031787 -0.016339 -0.002462 0.003821 0.011288 0.019762 0.031967 0.003507 -0.003079 -0.009637 -0.016125 0.020879 -0.008843 -0.006018 0.015948 -0.028161 0.007103 -0.009554 0.008325 -8e-06 0.042009 -0.00506 0.003073
-0.030348 -0.010607 0.004094 0.010792 0.004301 -0.01095 -0.000384 0.013742 -0.007376 0.004616 0.006255 -0.004089 -0.004728 -0.007634 -0.00232 -0.00414 0.007355 0.007693 -0.001241 -0.001671 -0.01534 0.007111 -0.021554 -0.003912 0.004735 -0.008995 0.010983 0.010235 -0.007553 0.006481 -0.014842 -0.004465 0.004822 -0.001033 0.020356 -0.003516 0.000327 9.8e-05 -0.004017 0.005625 -0.010705 0.004321 -0.014408 -0.009096 -0.009422 -0.000496 0.003243 0.030098 -0.016213 0.007787
0.019707 -0.000962 -0.01207 -0.008087 -0.012585 0.004639 0.016348 -0.007003 0.007331 -0.007654 -0.015687 0.009263 0.005972 -0.008342 -0.005292 0.032262 0.013637 -0.003502 -0.00792 0.003449 0.00042 -0.005863 -0.00512 0.017756 -0.01232 -0.01545 -0.003763 0.02995 -0.002476 0.039611 -0.024902 0.03198 0.008307 0.027505 -0.011846 -0.001983 0.019119 -0.011026 -0.001 0.021883 0.023133 0.00014 -0.023451 -0.005974 0.006416 0.018858 -0.024479 0.01763 0.019562 0.002483
0.03018 0.024577 -0.020173 -0.00121 -0.002989 -0.004012 -0.00387 0.008109 0.004088 0.003074 -0.003412 0.001528 -0.004416 -0.008305 -0.00806 0.010222 -0.005194 -0.011585 -0.003714 0.002394 0.000424 -0.002534 0.007224 -0.016139 -0.02176 -0.000682 -0.012218 0.010576 -0.008642 0.007995 -0.006712 0.006195 0.018243 -0.008715 0.012393 -0.022817 0.028087 -0.00901 0.002892 -0.002671 -0.01284 -0.010809 0.019038 -0.021178 0.004111 0.001122 -0.005557 -0.005377 -0.008338 0.025088
0.008796 0.029586 0.033267 -0.016875 -0.003369 0.020938 -0.059075 -0.001251 -0.026875 -0.064544 0.082368 0.001412 0.045561 0.026997 0.006471 0.075633 0.073738 -0.044639 0.028214 -0.019316 0.00137 -0.004651 -0.00182 -0.002915 0.008711 0.00777 -0.007833 0.025248 0.006432 -0.022681 0.002718 -0.00952 0.000867 0.001545 -0.004291 -0.019695 0.032724 -0.005975 -0.002433 -0.008204 -0.008696 0.009065 -0.00233 0.00664 -0.00427 -0.012309 0.028248 0.002856 0.004459 -0.003673
-0.016266 0.034872 -0.017836 0.005506 0.016729 -0.005825 -0.003252 0.007005 0.021112 -0.0192 -0.005513 -0.009059 -0.016929 -0.013648 -0.005625 0.009278 0.009366 -0.010864 -0.014171 0.002679 -0.001387 0.016286 -0.017022 -0.008921 -0.006449 0.006518 -0.007228 -0.004259 -0.010512 -0.017138 -0.023878 -0.019043 0.002157 -0.036377 -0.015228 -0.003771 -0.01184 -0.00932 -0.011964 -0.004792 0.058329 0.005772 -0.008561 -0.024711 0.002078 -0.022434 0.007538 -0.001949 -0.000356 0.040062
0.032604 0.017331 -0.027937 -0.015622 0.005609 -0.023962 -0.000768 0.003863 -0.004464 -0.000582 0.009208 -0.006888 -0.00698 0.00251 0.013778 -0.012793 -0.000455 -0.000174 -0.000997 -0.001111 -0.000138 0.015716 0.000785 -0.000139 -0.02115 0.01038 -0.006891 0.004367 -0.000538 -0.006355 0.00286 -0.006702 0.00529 -0.010994 0.013393 -0.00909 -0.022485 0.016332 -0.009512 0.006022 -0.012256 0.007991 -0.004254 -0.001083 -0.002766 -0.00207 0.003465 0.01266 0.000487 0.005552
0.0048 0.020993 -0.029781 -0.004807 0.012955 -0.005874 0.011623 0.005645 0.005618 -0.010615 0.004227 0.006731 -0.011543 -0.003829 0.012921 -0.003175 -0.008836 0.010735 -0.007993 -0.009347 -0.001059 0.002182 -0.011196 -0.009851 0.011817 0.011303 0.002415 0.007129 0.011576 -0.003354 0.003044 -0.018486 0.002393 -0.009497 0.023913 0.009968 -0.017402 -0.005098 -0.017294 0.01054 0.008585 0.003315 0.008445 -0.000602 -0.005109 -0.02207 0.021089 0.011417 -0.001769 0.014818
0.037713 0.008339 -0.022472 0.005415 -0.003215 -0.013272 0.007544 0.003769 0.006578 -0.015902 -0.014965 0.002456 1.4e-05 0.005315 0.009011 0.018023 0.001232 -0.001276 -0.006602 0.001624 0.005165 -0.001943 0.005324 -0.00866 -0.000789 0.0043 -0.021564 0.002412 0.001945 -0.017103 0.01499 -0.007358 0.0225 0.001722 -0.009917 0.005457 0.001598 0.024047 -0.0128 0.004588 0.00601 -0.021479 0.004702 -0.004427 0.000172 0.001265 0.01419 -0.005745 -0.024342 0.006928
-0.00565 0.043535 -0.026484 -0.011284 0.011232 -0.028094 -0.003913 0.005922 0.005604 0.008645 0.002429 0.015884 -0.002235 0.012338 -0.008147 -0.000408 -0.01212 0.016372 -0.000661 -0.001603 0.01276 -0.018207 0.004363 0.02073 0.009898 0.014992 -0.018024 0.018368 -0.010051 -0.005731 0.020399 -0.010388 0.021044 0.019596 0.013264 0.014971 -0.009231 0.002774 -0.024249 -0.001882 0.010768 0.016175 0.024561 -0.002812 -0.032167 -0.00894 -0.009614 0.010694 -0.005684 0.014782
0.008398 0.041561 -0.009456 -0.024409 -0.008185 -0.03771 -0.023557 0.003271 -0.038827 0.000991 0.018742 0.001003 0.008084 0.006315 0.010383 -0.029111 -0.038383 0.033728 0.027532 -0.016388 -0.010671 -0.022449 0.007023 0.008284 0.015645 0.011711 0.048801 -0.002489 0.000308 -0.015764 -0.009255 -0.008827 0.037481 -0.001531 -0.009727 -0.021034 0.003732 -0.012868 0.001978 0.000602 0.017571 0.0087 -0.025303 0.008843 -0.005458 -0.019311 -0.004535 -0.001933 -0.013496 -0.030496
-0.011191 0.051629 -0.015318 -0.001499 0.016257 -0.00678 0.000466 0.026971 0.012785 -0.024523 0.023677 0.016902 -0.01106 0.015156 -0.02194 0.004072 0.005928 -0.017247 -0.014441 0.009315 -0.018397 -0.024446 -4.3e-05 -0.043012 0.016926 -0.017541 0.007313 -0.011587 -0.005324 0.021128 0.031028 0.02814 0.005017 0.000266 -0.003339 0.030125 -0.022091 0.023102 -0.008938 0.020637 0.023442 -0.029381 0.030417 0.021863 0.025661 0.021378 0.025839 0.009866 -0.018803 -0.005455
0.074271 0.002454 -0.000985 -0.007458 0.001006 -0.03094 -0.010426 -0.003228 -0.001888 0.002089 -0.002684 -0.002015 0.002004 0.000875 0.004114 0.002597 0.00163 -0.003843 -0.00646 0.003073 0.003292 0.000104 0.012439 0.004376 -0.009858 -0.009606 0.003746 -0.001854 -0.004548 -0.001285 -0.004418 0.006972 0.003747 -0.000124 0.000571 -0.004591 0.009481 -0.004257 -0.016276 -0.005403 -0.015373 -0.002305 -0.009997 -0.006492 0.007195 0.007909 0.003843 -0.009099 -0.003008 0.001107
0.063739 0.002862 0.001572 -0.018541 -0.000718 -0.030162 -0.022043 0.00186 -0.013736 0.009788 0.005894 -0.002584 0.000815 -0.001701 0.001799 0.001321 0.005436 0.005889 -0.006514 -0.003762 0.004291 -0.011576 0.007502 0.010358 -0.003057 -0.00927 0.002076 -0.020069 0.013688 -0.006826 -0.002811 0.002884 0.010518 0.00927 -0.009434 0.002033 0.002986 -0.005096 -0.002273 0.007899 0.007708 -0.011787 -0.012199 -0.000164 0.012943 -0.006981 -0.001214 -0.008663 -0.009413 -0.01137
0.044287 0.00765 -0.023953 -0.018878 -0.004819 -0.017573 -0.000842 0.000662 0.002849 0.006417 -0.002222 0.000407 -0.005126 0.00065 0.004417 0.002999 0.001626 -0.005577 -0.013741 0.005027 0.00723 0.011043 -0.003054 -0.000541 -0.002738 -0.005086 -0.013461 -0.003078 -0.010313 0.00497 0.011826 0.000818 -0.004015 0.003295 0.007264 0.002898 0.001505 -0.007286 -0.009304 -0.00064 -0.006487 -0.002177 0.005191 -0.004356 -0.002372 -0.008893 0.005603 0.000472 0.000649 -0.003284
-0.011061 0.037852 -0.018754 0.0036 -0.00057 -0.007471 0.012231 0.005109 0.017255 0.02259 -0.017613 0.010308 0.00459 -0.002635 0.011429 0.004851 0.008865 -0.01553 -0.026917 -0.007805 -0.000389 -0.010668 0.02841 -0.009699 0.014498 0.03814 0.019411 0.019349 0.030104 0.026308 0.039819 -0.004261 -0.003935 -0.010849 0.003902 -0.003256 0.008536 0.016821 0.028874 -0.02868 0.03525 0.002373 -0.021544 -0.011052 0.002087 -0.001429 -0.01627 -0.025407 0.018475 -0.011456
-0.011215 0.046537 -0.016344 -0.009082 0.014322 0.019978 0.014621 0.027984 0.006969 -0.005087 0.022277 0.013901 -0.026042 0.002855 -0.003099 -0.019143 0.008319 0.008877 0.005887 -0.002997 0.012265 0.029842 0.014508 -0.018438 -0.000282 -0.003622 -0.022902 -0.010149 -0.024024 0.029086 -0.008044 -0.031179 -0.004316 -0.01364 0.041784 -0.027551 0.030525 -0.00383 -0.008735 -0.009285 -0.017501 0.00699 -0.012497 -0.009305 0.036829 -0.000233 -0.011916 0.001145 0.029567 0.040496
-0.001353 0.036308 -0.020846 -0.008615 0.011336 -0.014529 0.015198 0.007782 0.027193 -0.039368 -0.003561 0.008552 0.014843 0.026807 -0.009071 0.014994 -0.02711 -0.004526 -0.016632 0.02173 -0.027821 -0.020917 -0.020706 -0.010377 0.018485 -0.007031 0.015284 -0.046921 0.005963 -0.012683 0.036677 0.008125 -0.003183 0.016289 -0.007272 -0.000739 -0.002843 -0.009175 0.004311 -0.040993 -0.010324 0.021024 -0.016133 -0.015829 -0.015144 0.001317 0.002012 0.016266 0.001869 -0.014018
0.002554 0.042592 -0.019928 -0.003785 0.012547 -0.015838 0.003572 0.001222 0.021974 0.013316 -0.007941 0.001524 -0.026108 -0.010063 0.008706 0.015046 0.02465 0.019425 0.033579 -0.014616 0.00838 -0.00681 -0.008452 -0.013604 0.000149 -0.002951 0.014563 0.045299 -0.019463 -0.008089 0.001219 -0.0058 0.024128 0.010425 -0.024911 0.00423 -0.007918 0.008295 0.028836 -0.00777 -0.003898 0.015733 0.01837 0.02721 -0.009258 -0.005725 -0.019858 -0.007534 -0.015674 0.040461
-0.006801 0.044214 -0.019265 -0.000366 0.013048 0.003377 0.020877 -0.004817 0.028141 0.012379 -0.017391 0.008651 0.017654 0.005883 0.019187 0.032594 0.001429 0.00015 0.025867 0.00549 0.020995 -0.010867 0.007456 0.034985 -0.017602 0.00339 -0.012794 -0.01202 0.006622 -0.001729 -0.000894 0.003983 0.018094 0.033924 0.012161 -0.029772 -0.013192 -0.021199 0.00555 0.003395 0.013481 -0.010086 -0.025817 0.007806 0.029643 -0.01346 -0.004848 0.006107 -0.028613 -0.023848
-0.022113 0.055473 -0.010059 -0.006638 0.017499 0.006998 0.003544 -0.029028 -0.039085 0.006046 -0.028254 -0.009165 0.028852 0.021263 0.004014 -0.035715 0.029585 0.015 0.007151 0.014378 0.005393 -0.009974 0.010808 -0.020215 -0.023972 0.023581 0.001142 -0.000379 -0.032983 -0.015035 -0.004877 0.014792 -0.033988 -0.013968 0.019589 0.008156 0.045202 0.019988 -0.034823 0.017345 -0.007226 0.003448 -0.003389 0.010137 -0.021189 0.027595 -0.026845 0.01373 0.00055 -0.019107
-0.011678 0.046638 -0.011623 -0.00279 0.051888 0.030111 -0.003825 0.005901 -0.022419 0.025649 -0.009746 -0.003076 -0.011206 -0.016237 0.003494 -0.014889 0.058302 0.025078 -0.001366 -0.019594 -0.001035 0.014709 -0.009392 -0.004264 -0.00859 0.021049 -0.000673 -0.012868 -0.027991 -0.009962 -0.020359 -0.01837 -0.00365 0.009373 -0.006989 0.031302 0.019999 0.008901 0.001644 -0.001398 0.015209 -0.027516 -0.013054 0.013253 0.006102 0.013592 -0.004248 -0.02265 0.029812 -0.028166
-0.015713 0.046289 -0.033349 -0.009374 -0.005606 0.002561 0.014872 -0.009945 -0.016284 0.017371 -0.010289 0.023843 0.0156 -0.005978 0.010378 0.003906 0.007344 -0.013204 -0.012115 -0.017352 0.016525 -0.000304 -0.009029 0.031211 -0.00348 0.016676 0.022193 0.028844 0.003445 0.024722 0.023154 0.001151 -0.003371 -0.003065 0.022389 0.010536 0.010456 -0.011345 0.002161 0.006721 -0.006746 -0.003201 -0.00041 -0.013281 -0.000254 0.003937 -0.020663 0.005755 -0.004694 0.009047
-0.004909 0.034234 -0.0039 -0.009205 0.028322 0.006945 -0.051109 -0.000645 -0.022926 0.025964 0.007559 -0.000331 0.011905 -0.022247 -0.022768 -0.017638 -0.066609 -0.036287 0.002367 -0.022183 0.032401 -0.005953 -0.037724 -0.007509 -0.023431 0.033099 0.004642 -0.002219 0.003074 -0.006384 0.005949 -0.013562 0.032368 0.005218 0.014687 -0.003578 0.006654 -0.019055 0.043659 0.005143 -0.025463 -0.00261 0.00813 -0.009844 0.004605 0.007471 0.056362 -0.009825 0.015216 -0.015605
-0.028087 0.037411 -0.025904 -0.007651 0.000405 -0.007679 -0.001666 -0.023752 0.010372 -0.007847 -0.004081 -0.003813 0.008171 0.004388 0.006814 0.003074 -0.012683 -0.005729 0.022006 0.011109 -0.000343 -0.004052 0.007337 -0.002661 -0.000416 0.000263 0.012168 0.014199 0.00018 0.000291 0.014009 -0.018683 -0.014459 -0.015512 0.001304 -0.00732 0.001506 0.001954 -0.009308 -0.0149 0.003439 -0.021139 -0.017088 -0.015021 0.000255 -0.01612 -0.003604 -0.005066 0.00242 -0.010372
0.000299 0.036788 -0.025508 0.01371 0.030321 0.018586 0.013539 0.012897 0.009443 0.006713 -0.002954 0.011714 0.006197 -0.015202 0.008639 -0.000154 -0.006464 -0.018999 0.002698 0.019189 0.001919 -0.021731 -0.003826 -0.000845 -0.018513 0.00697 -0.02502 -0.001801 0.015652 -0.005442 0.002951 0.015789 -0.003432 -0.005912 0.009452 -0.003273 -0.003984 0.006229 -0.025406 0.022352 -0.017692 0.001654 0.00571 0.037975 -0.029005 0.021574 0.021621 -0.00615 -0.01321 0.020844
-0.013639 0.052322 -0.034284 -0.004236 0.00723 0.01355 0.014929 -0.001206 0.010981 -0.002342 -0.007645 0.015887 0.005646 0.003586 -0.002292 0.008448 -0.019865 -0.001735 0.005141 -0.016538 0.024008 0.013672 -0.005482 0.011599 -0.011008 0.004378 0.00099 -0.008421 -0.011471 0.002111 0.009822 -0.01099 0.002864 -0.00437 0.023663 -0.007124 -0.015506 -0.006547 -0.009755 0.004687 0.007667 0.000149 0.000322 0.001238 0.006435 0.007297 -7.2e-05 -0.013916 -0.009554 -0.001744
-0.014977 0.047201 -0.012173 -0.010264 0.014684 0.004428 -0.016545 0.003502 -0.013051 0.02558 0.011977 6.5e-05 0.008132 0.020511 0.0014 0.011027 -0.003699 0.021105 0.008189 -0.015993 0.004642 -0.006772 0.04132 0.013433 0.013541 -0.025145 -0.007122 -0.018606 0.000182 -0.00499 0.007811 0.03854 -0.028188 0.000715 0.003231 0.030561 -0.031283 0.008915 0.037935 -0.004454 -0.019666 -0.016792 0.017457 -0.005335 -0.031071 -0.002879 -0.000932 0.031431 0.028666 0.03195
-0.022413 0.03763 -0.016802 -0.004708 0.038452 0.004499 0.004405 -0.003708 2.4e-05 0.002214 -0.012053 -0.012296 -0.002964 0.000626 0.024925 0.006298 -0.001688 0.011347 0.002611 0.009754 -0.009164 -0.002731 -0.000697 0.002992 -0.005919 -0.012216 0.000201 -0.022049 0.024995 -0.006491 -0.006945 0.01389 0.010039 -0.015742 0.00048 -0.003386 -0.002601 0.01675 0.003227 -0.008028 -0.028853 -0.028875 -0.011526 0.013012 -0.005147 -0.030245 0.005595 0.032845 0.00141 -0.01335
-0.004351 0.03915 0.015132 -0.003075 0.0419 0.02566 -0.003731 -0.002839 0.00247 -0.013873 -0.003663 -0.037808 0.006394 0.004516 0.020088 -0.027622 -0.003271 -0.047585 -0.064478 0.016021 -0.028519 0.060551 0.010622 0.036542 0.059636 0.012941 0.070743 -0.023978 0.02844 -0.020682 -0.027575 0.016649 0.015645 0.041 -0.010735 -0.002155 0.022954 -0.01187 -0.005288 0.017978 -0.029379 -0.006046 0.022658 -0.003447 0.001781 -0.001865 -0.01332 -0.003548 0.00609 0.009631
-0.017149 0.046232 -0.022345 0.005053 0.012833 0.007852 0.004731 -0.006214 0.017842 -0.002529 -0.011379 0.013511 0.0085 -0.004535 -0.014782 0.00738 0.002577 -0.010998 0.014177 0.005942 -0.006202 0.001933 -0.021353 0.020582 -0.014507 0.006057 0.005248 -0.003657 -0.018783 0.014786 -0.044698 0.013043 -0.0169 0.046328 -0.013319 0.000927 -0.014431 -0.00795 -0.006919 0.002378 0.000335 -0.006325 0.001492 -0.000526 0.029485 0.008719 0.017839 0.022842 0.003612 0.002898
0.040257 -0.009269 -0.005276 0.041803 0.002573 0.01751 0.012047 -0.007193 -0.007146 -0.002625 -0.001789 0.007441 0.003337 0.015874 -0.008379 -0.010489 0.017456 -0.000118 0.0012 0.008354 0.002589 0.007212 -0.011899 -0.0092 -0.011733 0.010401 0.00618 -0.00934 -0.016 -0.010068 0.0166 -0.003451 0.001657 -0.006072 0.010465 0.002461 -0.008057 0.042473 -0.007049 0.003764 -0.008346 0.02305 0.012223 -0.023664 -0.007408 -0.025013 0.023174 0.0001 0.017685 -0.004586
-0.000824 0.03069 0.011303 -0.020366 0.031706 0.00706 -0.039686 -0.03688 0.004191 0.006816 0.013738 -0.05644 -0.03064 0.022851 -0.03821 -0.044811 0.017198 0.00516 0.013938 -0.009818 -0.051996 0.024933 -0.010755 0.036918 -0.01306 -0.043093 -0.043384 -0.005222 0.009994 0.059357 0.046647 0.007105 -0.009275 0.020239 -0.030769 -0.039264 -0.003962 0.01067 0.007633 0.001503 0.013124 -0.001224 -0.015775 -0.012315 -0.020148 0.021093 0.011854 -0.008506 -0.014806 0.011993
-0.017337 0.04269 -0.004164 -0.001359 0.007904 0.01046 -0.004362 -0.017352 -0.007535 -0.006974 -0.001403 -0.011722 0.002988 0.02694 0.010214 -0.025522 -0.012727 0.021245 0.006567 0.012824 -0.001178 -0.007577 0.059135 0.00641 0.036069 -0.000858 -0.027035 0.031376 -0.023398 -0.014063 -0.01866 0.011313 -0.02757 -0.015811 -0.025734 0.029972 0.00352 -0.014743 0.015493 0.001033 0.007215 0.059409 0.035022 -0.039908 0.071099 -0.007771 0.018982 -0.024481 -0.030861 -0.009801
-0.011007 0.044403 -0.009964 -0.011047 0.007262 0.01094 0.013785 -0.010918 0.004261 0.008543 -0.032058 -0.007494 0.00511 -0.007621 -0.009275 0.013338 0.009989 0.017378 0.025879 0.043501 0.031792 -0.013127 -0.012734 -0.023442 0.010293 -0.030264 -0.004389 -0.037655 0.013813 -0.032825 -0.006378 0.026506 -0.013897 -0.034043 -0.003982 -0.050068 0.020293 -0.005206 0.030849 0.032696 -0.013331 0.000303 0.007248 0.016135 0.005966 0.007522 -0.005481 -0.024245 0.010105 -0.014191
0.044931 -0.009481 -0.011038 0.010507 -0.004653 -0.017725 0.000657 0.002162 0.002024 -0.008423 -0.00344 0.003984 -0.00279 0.007956 -0.00981 -0.016467 -0.000406 0.011796 -0.010681 0.006091 -0.005371 0.003125 -0.012973 -0.014991 0.008523 -0.003668 0.013408 0.011793 0.007777 0.000502 -0.009636 -0.015936 0.015719 -0.004859 0.00666 0.003225 -0.015072 -0.010384 0.009329 -0.002231 -0.001471 -0.010371 0.009927 -0.017616 -0.003229 0.006163 0.01031 -0.004141 0.008896 -0.001328
0.0545 -0.001697 -0.007133 0.013704 -0.014116 0.01159 -0.006333 -0.005909 -0.001994 -0.00257 -0.021925 -0.005537 0.011505 -0.003066 -0.012624 0.000283 -0.004897 -0.001352 -0.024733 -0.002975 0.008903 -0.014818 -0.011628 0.007048 0.01452 -0.022649 -0.016672 -0.006392 0.00042 -0.024039 0.019859 -0.006881 -0.002038 0.007617 0.010682 0.020937 0.009507 -0.018259 0.020889 -0.016199 0.023328 0.002044 0.006117 0.016769 0.009781 0.017731 -0.01466 -0.016442 0.009571 -0.017251
0.059737 0.019017 -0.009118 -0.005036 -0.009485 -0.038362 -0.011966 -0.008169 -0.008455 -0.011112 0.008884 -0.002406 0.01248 0.014046 -0.004801 0.003753 -0.020945 0.013187 -0.00187 0.005815 0.003963 0.011917 -0.013282 0.00411 0.016605 -0.019153 0.002562 -0.003438 -0.003653 -0.008036 -0.007188 -0.019157 0.014204 -0.011768 -0.025536 0.011331 -0.008708 0.016492 -0.016353 -0.020118 0.000709 -0.00276 -0.032942 0.013137 -0.002419 5.4e-05 -0.013595 0.007389 0.031777 -0.016835
0.04703 -0.011975 0.003251 0.030482 0.014854 0.031919 -0.000295 -0.014796 0.01521 0.003776 -0.011163 -0.011287 0.017893 -0.010849 0.001597 0.011793 -0.036232 -0.012137 -0.024103 0.007656 -0.007022 -0.024705 -0.001135 0.006015 0.00247 0.003783 -0.013828 0.049993 0.003534 -0.02668 0.038493 -0.009679 -0.010499 0.002559 -0.004795 0.010028 -0.007239 -0.002562 -0.018729 0.016417 -0.002428 -0.016037 0.003907 0.015735 -0.019102 0.008088 -0.002906 -0.006038 0.0009 -0.007164
0.039226 -0.001627 -0.01107 -0.002767 0.007672 -0.00221 0.004515 0.015273 0.00579 0.01183 -0.001922 -0.001086 -0.015176 -0.007063 0.005307 -0.002733 -0.0023 -0.000206 0.004302 0.01121 0.006883 0.008677 0.002624 0.001771 0.010062 0.009949 -0.012019 0.001845 0.01479 0.007374 0.006724 -0.005021 -0.006698 -0.001975 -0.008141 0.014238 0.02191 0.014597 -0.003643 -0.026388 -0.008703 0.021409 -0.025788 -0.00505 0.009193 -0.022788 0.012854 -0.003242 0.016382 0.015643
0.071244 0.000803 -0.006913 -0.011559 -0.006974 -0.032896 -0.00798 0.000894 0.0004 0.00284 -0.002316 -0.000115 -0.001151 0.000314 0.00212 -0.000824 0.00951 -0.00252 -0.009949 0.007407 0.000262 0.007491 0.0098 -0.001989 -0.001921 -0.00196 -0.003221 -0.00865 -0.00757 -0.000386 -0.008839 0.007133 0.000657 -0.002431 0.002997 0.002511 0.003312 0.003643 -0.003531 -0.004202 -0.009809 0.005172 -0.011139 -0.009678 0.00409 0.001876 -0.000186 -0.002186 0.002466 0.003271
0.082253 -0.006674 -0.007862 -0.013284 -0.004277 -0.027569 -0.00918 0.000868 -0.001619 0.006656 -0.005065 -0.003682 -0.003208 -0.002589 -0.002299 0.000487 0.004396 -0.001208 -0.010067 -0.001828 0.001354 0.001303 0.007703 0.003216 -0.006536 -0.003746 0.00102 -0.002306 -0.005005 -0.003508 8.6e-05 0.004841 -0.000377 1.8e-05 -0.001384 0.001558 0.002942 0.001899 -0.007202 -0.003595 -0.005975 -0.004192 -0.003877 -0.004047 0.005308 0.008168 0.002734 -0.003734 0.006378 0.000571
0.039903 -0.000564 -0.017255 -0.015969 -0.009317 -0.001834 0.015911 0.011149 0.003109 -0.002709 0.020255 0.00762 -0.020046 -0.011629 0.018 -0.002426 -0.004399 0.008168 0.00854 -0.009281 -0.008646 0.004309 0.011558 -0.015953 -0.008765 -0.009319 0.030784 -0.007274 -0.00047 -0.009842 0.011688 0.009387 -0.009563 0.010059 -0.019866 -0.02559 -0.007586 -0.001448 -0.004575 0.021573 0.004625 0.029642 0.01052 0.012717 0.017962 0.036217 0.000466 -0.001405 0.016799 -0.010668
0.066812 -0.002344 -0.011517 -0.006742 -0.004145 -0.032204 -0.009343 0.003714 -0.006235 0.00662 -0.001751 0.001921 0.001879 0.000917 0.001583 0.001793 0.004527 -0.002504 -0.009592 0.001089 0.00126 0.003674 0.006596 1.2e-05 -0.006552 -0.003366 -0.000437 -0.010457 -0.005788 -0.000463 -0.005104 0.004696 -0.002724 -0.002209 -0.002137 0.000348 0.003402 0.001639 -0.011071 0.000865 -0.009203 -0.000359 -0.004747 -0.002282 0.006211 0.002206 0.003805 -0.004009 -8.8e-05 0.004107
0.059896 -0.006943 -0.008503 -0.004172 -0.002183 -0.024474 -0.008247 -0.000681 0.009318 -0.002355 -0.006351 -0.002902 -0.006856 -0.004361 -0.006115 0.000977 0.014279 0.00274 -0.004165 0.005154 -0.007666 0.002668 -0.003418 0.003877 -0.002868 0.000925 -0.006859 -0.006179 -0.006442 -0.001642 -0.001819 0.00895 0.001714 0.00267 0.008046 -0.002334 -0.004599 -0.003206 -0.005157 0.004601 -0.000839 0.001499 -0.003051 -0.005605 -0.003479 0.014222 0.000922 0.001603 -0.00815 -0.00155
0.034822 -0.004827 0.011885 -0.004733 0.007428 0.0166 0.019715 0.015695 -0.010261 0.059832 0.027855 -0.019617 -0.020804 -0.019526 0.012295 -0.005837 0.035539 0.002242 0.009708 0.039953 -0.015273 8.1e-05 -0.017602 -0.010189 -0.03644 0.021247 0.02384 0.034438 0.05574 -0.050375 0.02094 0.001301 -0.016599 -0.026735 -0.036534 0.013774 -0.012731 -0.023446 0.011782 -0.024402 -0.001161 -0.022134 -0.01853 -0.018066 0.022013 0.033833 0.000961 0.034665 -0.017992 0.025832
0.024531 -0.001673 -0.005618 0.004373 0.007815 0.005166 0.000147 0.022242 0.019091 0.004625 0.029005 0.00908 -0.021306 -0.003971 0.018437 0.011623 0.004736 0.040535 0.019263 -0.016005 0.019266 0.004324 0.019734 0.030124 0.010547 0.003192 0.005868 0.006551 0.007837 -0.011634 -0.028113 -0.009511 7.6e-05 0.007831 -0.002814 -0.014636 -0.001194 0.021359 0.027705 -0.018336 0.003188 -0.030316 0.042261 0.000692 -0.034186 0.005004 0.00156 -0.000283 -0.028815 -0.009309
0.056106 0.011116 0.001976 0.032899 -0.014413 0.064654 0.030142 0.003972 0.005835 0.002265 0.025482 0.005266 0.0112 0.002608 -0.008552 -0.032393 -0.01014 -0.007429 0.02207 0.019793 -0.035871 -0.032846 0.011997 0.018277 -0.015918 -0.024977 -0.006829 0.017953 0.022047 0.007095 -0.017717 0.044126 0.034629 0.010639 0.040114 0.007962 0.004326 -0.009629 -0.038654 -0.046717 0.002795 0.014867 -0.02395 0.006089 0.007003 -0.005994 0.00969 -0.005413 -0.004549 -0.023734
0.035821 -0.005029 0.001086 -0.018855 -0.01944 -0.001005 -0.007752 -0.031138 0.00887 -0.037912 -0.016035 -0.022374 0.004537 0.004026 0.004082 -0.020623 -0.003975 -0.005697 -0.002632 -0.002958 -0.019135 -0.01778 -0.012419 -0.001193 0.010258 0.051166 -0.039335 -0.004654 -0.002484 -0.031322 -0.001782 0.010345 -0.030328 -0.000148 0.029633 -0.017341 -0.024912 -0.011557 0.020177 -0.008851 -0.013443 -0.011987 0.005858 -0.004241 0.008362 0.011648 -0.018933 0.012075 0.01818 0.020556
0.042769 -0.000287 -0.001329 0.044174 -0.010591 0.012507 0.008503 0.01105 0.00359 -0.000157 -0.003146 0.018093 -0.001654 0.012881 -0.02302 -0.01152 -0.013334 0.007286 0.000978 0.018982 0.01996 -0.00752 -0.001596 -0.003816 0.027738 0.016248 -0.014855 -0.001244 0.02129 0.012761 -0.021893 -0.021892 -0.018505 0.013367 0.004595 -0.014763 0.032293 0.010143 0.005922 0.003074 -0.002921 -0.01982 -0.007621 -0.012511 -0.022396 -0.007496 0.033382 0.012157 0.007595 -0.013114
0.05784 -0.010832 -0.002383 0.034653 -0.004989 0.004199 0.005279 -0.017218 0.00398 0.008629 -0.008649 -0.005019 0.011057 0.002051 0.004159 0.004547 -0.010263 -0.002401 0.009782 -0.00578 0.008242 -0.011353 -0.002467 0.027115 0.001664 0.004223 -0.004554 -0.0051 0.005103 -0.000387 0.003601 -0.001174 -0.014879 -0.007572 -0.026417 0.009942 0.004088 -0.019758 -0.022001 0.007554 0.012761 -0.002621 0.018789 -0.000802 -0.00399 0.013213 0.001411 0.009494 0.012703 -0.008812
0.060296 0.017486 0.007873 0.026635 0.003888 -0.032537 -0.029839 -0.004334 -0.009774 0.005269 0.007244 -0.018216 0.007382 -0.008217 0.006883 -0.00427 -0.008295 -0.007151 -0.008303 -0.007449 0.00311 -0.002907 0.013881 0.004392 0.002804 -0.01859 0.013069 0.010418 -0.00447 -0.003044 -0.000296 -0.00209 -0.008521 -0.007693 0.005507 -0.010034 -0.005132 0.012488 0.003186 -0.002383 0.009251 -0.002345 -0.00216 0.008216 0.016071 0.019387 -0.003066 0.004714 0.002896 -0.000786
0.049351 -0.011174 -0.002797 0.013432 0.004025 -0.026277 -0.003395 0.008659 -0.000678 0.00179 0.000803 0.010856 -0.001119 0.005003 0.004651 -0.00335 0.012325 0.001182 0.000209 0.006177 0.007677 0.002823 0.010018 0.004371 0.008741 0.00804 0.001876 0.008417 -0.000842 -0.000614 -0.017929 -0.015574 -0.006331 -0.001564 -0.006489 -0.019508 0.003654 0.001965 -0.013385 0.006199 -0.000319 -0.009254 -0.00074 0.003599 -0.005383 0.012934 -0.003233 0.006619 -0.005979 -0.003246
0.044917 -0.006507 0.002592 0.061632 0.015779 0.007914 -0.010214 0.003261 0.018123 -0.010392 0.017103 -0.007622 -0.012662 0.00334 -0.00615 0.004028 0.013544 0.024144 0.0199 0.00394 0.005888 -0.016133 0.009362 0.010904 0.001357 0.014159 0.017123 -0.011372 -0.025469 0.005009 -0.007476 -0.00332 0.004012 0.011462 -0.016771 -0.004359 -0.006261 0.017797 0.007081 0.010722 -0.010341 -0.004702 0.013341 -0.008299 -0.008045 0.007702 -0.003555 0.010714 0.023674 -0.027981
0.0379 0.01728 0.003314 0.04096 -0.004297 0.052997 -0.012131 0.005741 -0.034943 -0.002521 0.027012 -0.002481 -0.005967 -0.006837 0.013183 -0.001155 -0.058432 0.018615 -0.0063 -0.0509 0.008625 -0.016193 0.037854 -0.035346 -0.006763 -0.010088 -0.012239 -0.01499 0.003671 0.028767 -0.021702 0.004204 0.012181 -0.003855 -0.024741 0.006635 -0.004051 -0.020956 -0.001407 0.011427 0.004985 -0.010919 -0.032286 -0.005851 0.001576 0.014624 -0.024032 -0.001638 0.008869 0.032089
0.047389 -0.006761 0.00956 0.052227 0.001958 0.004013 -0.015951 -0.028664 -0.017383 0.00837 -0.012984 -0.010175 0.016737 -0.000671 0.00666 -0.001851 0.013384 0.002156 0.026674 -0.0149 0.006231 0.007935 -0.026353 0.007333 -0.003956 -0.002412 0.012785 -0.008531 0.003586 0.00639 0.017844 -0.01 0.011965 0.001547 0.029321 -0.014067 -0.00584 -0.007843 0.002427 0.007804 0.000169 -0.005046 -0.012501 -0.021979 0.001962 -0.020802 -0.018404 0.001276 0.002305 0.010517
0.045589 -0.00587 0.00307 0.056162 0.01524 -0.002853 -0.012081 0.005038 0.009405 -8.5e-05 0.008814 -0.0137 -0.012401 -0.011395 0.00757 -0.006009 0.002519 -0.001117 -0.009585 -0.01718 -0.00532 0.016776 -0.022577 -0.002241 0.001358 0.001008 0.002656 -0.002722 0.012107 0.004527 -0.001733 -0.016834 -0.015035 0.005971 0.013563 -0.004208 -0.008698 -0.009808 -0.00147 0.004212 -0.006282 0.00585 0.026679 0.013553 0.00118 -0.020506 -0.02299 -0.003459 -0.020324 0.00674
-0.000705 0.056067 -0.014423 -0.011261 0.013234 -0.0059 -0.018332 0.013387 -0.004882 0.017882 0.003997 0.005307 0.010687 -0.013644 -0.018475 0.018033 0.005508 -0.029336 -0.015751 0.01322 -0.00137 0.014598 -0.024485 0.00036 0.02752 -0.024236 -0.037383 0.022823 0.024857 0.020574 -0.029693 -0.013825 -0.030668 -0.009058 -0.004187 0.021832 -0.037827 -0.034482 -0.006455 0.012787 0.01079 0.006259 -0.007411 0.003407 -0.024429 -0.011768 -0.035765 -0.024143 -0.015124 -0.036501
0.046047 -0.003511 0.004808 0.062052 0.000721 0.015705 0.011689 -0.012139 -0.008191 -1.3e-05 -0.000312 0.009021 0.02114 0.018038 0.009942 0.010835 0.000802 -0.007789 0.008934 -0.007647 -0.006676 0.002818 0.000182 -0.000911 0.005892 0.010194 0.028464 -0.012931 -0.016638 0.029694 0.030242 -0.010926 -0.005118 0.006994 -0.008907 -0.024873 -0.010396 -0.033665 -0.009627 -0.022956 -0.000945 0.003253 0.025725 0.016876 0.019402 0.009616 -0.011704 -0.007973 -0.018529 0.024692
0.037835 0.007068 -0.009562 0.047102 -0.013977 0.020987 0.014691 -0.012707 0.007799 -0.00858 -0.014739 -0.000569 0.005753 0.01911 -0.022978 0.013447 -0.007354 -0.009941 -0.006148 0.012732 0.003203 0.024318 -0.011476 -0.019368 0.008614 -0.025665 0.006808 0.011533 -0.010463 0.010974 0.024105 -0.015246 -0.022495 -0.003582 -0.017535 0.006279 0.013747 0.027076 0.054142 -0.001518 -0.002425 0.002197 -0.020249 0.008968 -0.01901 0.00044 -0.001605 0.01644 0.003651 0.010942
0.040999 -0.002264 -0.009045 -0.035406 -0.028194 0.001998 -0.000256 0.004593 -0.009921 0.015812 -0.004046 0.009954 -0.006272 -0.005095 -0.021975 -0.014721 -0.019511 -0.021584 -0.011747 0.004412 -0.009497 -0.002186 0.01096 0.002993 -0.000702 0.005849 -0.032028 0.038932 0.006766 -0.003913 -0.003082 0.015908 0.003988 0.019598 -0.030321 -0.003476 0.00125 0.030019 0.003257 0.015629 0.016659 -0.008395 0.006208 -0.018786 -0.003706 -0.024099 0.004607 0.009203 -0.006062 -0.010957
0.054527 -0.009315 -0.013991 0.037999 0.003586 -0.006418 -0.000979 0.004592 0.001971 -0.001403 0.003242 -0.001726 -0.006527 1e-05 -0.007155 0.00072 0.013828 0.011778 -0.0004 4.5e-05 -0.001976 -0.003218 0.006096 -0.004387 0.002956 -0.008812 -0.005747 -0.011215 -0.004892 0.001457 4e-05 -0.003214 0.009636 0.007032 0.009837 0.000333 -0.003567 0.003706 0.006859 0.013052 -0.003712 0.000578 0.002331 -0.01013 -0.009153 -0.000823 -0.011042 -0.011279 -0.001936 -0.002873
0.036601 -0.007833 -0.00806 0.021903 0.004125 0.006268 -0.000876 -0.000406 -0.011104 0.011528 -0.013021 -0.025337 -0.01869 -0.021387 0.012313 0.003752 0.010521 0.006549 -0.003521 -0.015094 -0.005158 0.010879 -0.001163 -0.010046 -0.010805 -0.007178 -0.008844 0.00577 -0.012704 -0.004191 0.000729 0.013656 0.021506 -8.5e-05 0.011281 0.017074 -0.007867 -0.019286 0.005585 0.030051 0.005863 -0.012347 -0.010427 0.000694 0.013213 -0.021918 0.013883 0.024276 0.017151 -0.021968
0.01341 0.003751 -0.011323 -0.006711 -0.025745 0.014931 0.017578 -0.003802 -0.026959 -0.009807 -0.002703 0.003142 -0.000202 0.016336 0.002149 -0.017524 0.018771 0.021521 -0.01075 -0.022089 -0.017053 0.020724 -0.043764 0.012408 0.010873 0.019339 -0.026741 -0.00902 0.013552 -0.001232 0.016612 -0.005451 0.031244 -0.037513 0.010959 0.012123 0.006345 -0.01485 0.0313 0.041293 0.037745 0.0391 0.015396 0.052541 0.014987 -0.004582 0.012805 0.029082 0.008067 -0.010955
0.037964 -0.00801 -0.023569 0.034268 -0.013037 0.014187 0.011884 -0.002031 -0.011338 -0.017034 -0.000564 0.008306 0.02077 0.012178 -0.009285 0.006819 0.002363 -0.003434 0.007798 0.012395 -0.016208 0.002302 -0.01622 -0.01392 -0.007803 -0.017665 0.011041 -0.004935 0.004988 -0.00153 -0.008413 -0.000491 0.006675 -0.014458 -0.017685 0.020231 0.003741 0.031094 -0.009766 0.007353 -0.004835 0.009495 0.015873 0.009237 0.012489 -0.011043 -0.004269 0.006029 -0.012264 -0.008875
0.060754 0.000671 0.008985 0.022696 -0.013496 0.009577 -0.014911 -0.015866 -0.003418 -0.002044 -0.026297 -0.021578 0.006873 -0.016804 0.007535 -0.006399 0.006474 -0.02747 0.011451 -0.001268 0.006274 0.026218 0.017645 -0.003117 -0.000367 -0.010897 0.017714 0.006395 -0.010374 0.007722 -0.045659 0.019629 -0.015825 -0.037 0.019386 0.005955 -0.002427 -0.002221 0.029483 -0.03119 0.020025 0.019237 0.018609 0.01018 -0.013873 -0.018847 0.021769 -0.014135 -0.029477 0.010884
0.022788 -0.00247 0.001189 -0.01981 -0.000752 0.024819 0.003624 0.009767 0.017881 -0.021292 0.057571 -0.018406 -0.046963 -0.013504 -0.010488 0.002703 -0.029175 -0.01844 0.008718 0.049178 -0.016987 -0.03429 0.00637 0.046381 -0.00444 0.025336 0.031656 0.017949 -0.054375 0.018878 0.00502 -0.007798 -0.003197 -0.043083 -0.002055 0.017348 -0.000318 0.012331 0.011366 0.049694 -0.016953 -0.004295 -0.018117 0.001799 -0.005815 -0.027213 -0.029962 0.001944 0.009967 0.011538
